# Time(s)	Temperature(C)
0.00	25.00
0.10	42.50
0.20	60.00
0.30	77.50
0.40	95.00
0.50	112.50
0.60	130.00
0.70	147.50
0.80	165.00
0.90	182.50
1.00	200.00
1.10	217.50
1.20	235.00
1.30	252.50
1.40	270.00
1.50	287.50
1.60	305.00
1.70	322.50
1.80	340.00
1.90	357.50
2.00	375.00
2.10	392.50
2.20	410.00
2.30	427.50
2.40	445.00
2.50	462.50
2.60	480.00
2.70	497.50
2.80	515.00
2.90	532.50
3.00	550.00
3.10	567.50
3.20	585.00
3.30	602.50
3.40	620.00
3.50	637.50
3.60	655.00
3.70	672.50
3.80	690.00
3.90	707.50
4.00	725.00
4.10	742.50
4.20	760.00
4.30	777.50
4.40	795.00
4.50	812.50
4.60	830.00
4.70	847.50
4.80	865.00
4.90	882.50
5.00	900.00
5.10	897.96
5.20	895.92
5.30	893.90
5.40	891.89
5.50	889.90
5.60	887.91
5.70	885.94
5.80	883.98
5.90	882.03
6.00	880.09
6.10	878.16
6.20	876.24
6.30	874.34
6.40	872.44
6.50	870.56
6.60	868.68
6.70	866.82
6.80	864.96
6.90	863.12
7.00	861.29
7.10	859.47
7.20	857.65
7.30	855.85
7.40	854.06
7.50	852.27
7.60	850.50
7.70	848.73
7.80	846.98
7.90	845.23
8.00	843.49
8.10	841.77
8.20	840.05
8.30	838.34
8.40	836.64
8.50	834.95
8.60	833.26
8.70	831.59
8.80	829.92
8.90	828.26
9.00	826.61
9.10	824.97
9.20	823.34
9.30	821.71
9.40	820.10
9.50	818.49
9.60	816.89
9.70	815.30
9.80	813.71
9.90	812.13
10.00	810.56
10.10	809.00
10.20	807.45
10.30	805.90
10.40	804.36
10.50	802.83
10.60	801.30
10.70	799.78
10.80	798.27
10.90	796.77
11.00	795.27
11.10	793.78
11.20	792.30
11.30	790.83
11.40	789.36
11.50	787.89
11.60	786.44
11.70	784.99
11.80	783.55
11.90	782.11
12.00	780.68
12.10	779.26
12.20	777.84
12.30	776.43
12.40	775.03
12.50	773.63
12.60	772.24
12.70	770.85
12.80	769.47
12.90	768.10
13.00	766.73
13.10	765.37
13.20	764.01
13.30	762.66
13.40	761.32
13.50	759.98
13.60	758.65
13.70	757.32
13.80	756.00
13.90	754.69
14.00	753.37
14.10	752.07
14.20	750.77
14.30	749.48
14.40	748.19
14.50	746.90
14.60	745.63
14.70	744.35
14.80	743.09
14.90	741.82
15.00	740.57
15.10	739.31
15.20	738.07
15.30	736.83
15.40	735.59
15.50	734.36
15.60	733.13
15.70	731.91
15.80	730.69
15.90	729.48
16.00	728.27
16.10	727.07
16.20	725.87
16.30	724.67
16.40	723.48
16.50	722.30
16.60	721.12
16.70	719.94
16.80	718.77
16.90	717.61
17.00	716.44
17.10	715.29
17.20	714.13
17.30	712.99
17.40	711.84
17.50	710.70
17.60	709.56
17.70	708.43
17.80	707.31
17.90	706.18
18.00	705.06
18.10	703.95
18.20	702.84
18.30	701.73
18.40	700.63
18.50	699.53
18.60	698.43
18.70	697.34
18.80	696.26
18.90	695.17
19.00	694.09
19.10	693.02
19.20	691.95
19.30	690.88
19.40	689.82
19.50	688.76
19.60	687.70
19.70	686.65
19.80	685.60
19.90	684.55
20.00	683.51
20.10	682.47
20.20	681.44
20.30	680.41
20.40	679.38
20.50	678.36
20.60	677.34
20.70	676.32
20.80	675.31
20.90	674.30
21.00	673.29
21.10	672.29
21.20	671.29
21.30	670.30
21.40	669.30
21.50	668.31
21.60	667.33
21.70	666.34
21.80	665.36
21.90	664.39
22.00	663.42
22.10	662.45
22.20	661.48
22.30	660.52
22.40	659.56
22.50	658.60
22.60	657.64
22.70	656.69
22.80	655.75
22.90	654.80
23.00	653.86
23.10	652.92
23.20	651.98
23.30	651.05
23.40	650.12
23.50	649.20
23.60	648.27
23.70	647.35
23.80	646.43
23.90	645.52
24.00	644.60
24.10	643.70
24.20	642.79
24.30	641.89
24.40	640.98
24.50	640.09
24.60	639.19
24.70	638.30
24.80	637.41
24.90	636.52
25.00	635.64
25.10	634.76
25.20	633.88
25.30	633.00
25.40	632.13
25.50	631.26
25.60	630.39
25.70	629.52
25.80	628.66
25.90	627.80
26.00	626.94
26.10	626.08
26.20	625.23
26.30	624.38
26.40	623.53
26.50	622.69
26.60	621.85
26.70	621.00
26.80	620.17
26.90	619.33
27.00	618.50
27.10	617.67
27.20	616.84
27.30	616.01
27.40	615.19
27.50	614.37
27.60	613.55
27.70	612.73
27.80	611.92
27.90	611.11
28.00	610.30
28.10	609.49
28.20	608.69
28.30	607.89
28.40	607.09
28.50	606.29
28.60	605.49
28.70	604.70
28.80	603.91
28.90	603.12
29.00	602.33
29.10	601.55
29.20	600.77
29.30	599.99
29.40	599.21
29.50	598.43
29.60	597.66
29.70	596.89
29.80	596.12
29.90	595.35
30.00	594.58
30.10	593.82
30.20	593.06
30.30	592.30
30.40	591.54
30.50	590.79
30.60	590.04
30.70	589.28
30.80	588.54
30.90	587.79
31.00	587.04
31.10	586.30
31.20	585.56
31.30	584.82
31.40	584.08
31.50	583.35
31.60	582.62
31.70	581.89
31.80	581.16
31.90	580.43
32.00	579.70
32.10	578.98
32.20	578.26
32.30	577.54
32.40	576.82
32.50	576.10
32.60	575.39
32.70	574.68
32.80	573.97
32.90	573.26
33.00	572.55
33.10	571.85
33.20	571.14
33.30	570.44
33.40	569.74
33.50	569.04
33.60	568.35
33.70	567.65
33.80	566.96
33.90	566.27
34.00	565.58
34.10	564.89
34.20	564.21
34.30	563.52
34.40	562.84
34.50	562.16
34.60	561.48
34.70	560.81
34.80	560.13
34.90	559.46
35.00	558.78
35.10	558.11
35.20	557.44
35.30	556.78
35.40	556.11
35.50	555.45
35.60	554.79
35.70	554.12
35.80	553.47
35.90	552.81
36.00	552.15
36.10	551.50
36.20	550.84
36.30	550.19
36.40	549.54
36.50	548.90
36.60	548.25
36.70	547.60
36.80	546.96
36.90	546.32
37.00	545.68
37.10	545.04
37.20	544.40
37.30	543.77
37.40	543.13
37.50	542.50
37.60	541.87
37.70	541.24
37.80	540.61
37.90	539.98
38.00	539.36
38.10	538.73
38.20	538.11
38.30	537.49
38.40	536.87
38.50	536.25
38.60	535.63
38.70	535.02
38.80	534.40
38.90	533.79
39.00	533.18
39.10	532.57
39.20	531.96
39.30	531.36
39.40	530.75
39.50	530.15
39.60	529.54
39.70	528.94
39.80	528.34
39.90	527.74
40.00	527.14
40.10	526.55
40.20	525.95
40.30	525.36
40.40	524.77
40.50	524.18
40.60	523.59
40.70	523.00
40.80	522.41
40.90	521.83
41.00	521.24
41.10	520.66
41.20	520.08
41.30	519.50
41.40	518.92
41.50	518.34
41.60	517.76
41.70	517.19
41.80	516.61
41.90	516.04
42.00	515.47
42.10	514.90
42.20	514.33
42.30	513.76
42.40	513.19
42.50	512.63
42.60	512.06
42.70	511.50
42.80	510.94
42.90	510.38
43.00	509.82
43.10	509.26
43.20	508.70
43.30	508.15
43.40	507.59
43.50	507.04
43.60	506.49
43.70	505.94
43.80	505.39
43.90	504.84
44.00	504.29
44.10	503.74
44.20	503.20
44.30	502.65
44.40	502.11
44.50	501.57
44.60	501.03
44.70	500.49
44.80	499.95
44.90	499.41
45.00	498.88
45.10	498.34
45.20	497.81
45.30	497.27
45.40	496.74
45.50	496.21
45.60	495.68
45.70	495.15
45.80	494.62
45.90	494.10
46.00	493.57
46.10	493.05
46.20	492.52
46.30	492.00
46.40	491.48
46.50	490.96
46.60	490.44
46.70	489.92
46.80	489.41
46.90	488.89
47.00	488.38
47.10	487.86
47.20	487.35
47.30	486.84
47.40	486.33
47.50	485.82
47.60	485.31
47.70	484.80
47.80	484.29
47.90	483.79
48.00	483.28
48.10	482.78
48.20	482.28
48.30	481.77
48.40	481.27
48.50	480.77
48.60	480.27
48.70	479.78
48.80	479.28
48.90	478.78
49.00	478.29
49.10	477.79
49.20	477.30
49.30	476.81
49.40	476.32
49.50	475.83
49.60	475.34
49.70	474.85
49.80	474.36
49.90	473.88
50.00	473.39
50.10	472.91
50.20	472.42
50.30	471.94
50.40	471.46
50.50	470.98
50.60	470.50
50.70	470.02
50.80	469.54
50.90	469.06
51.00	468.59
51.10	468.11
51.20	467.64
51.30	467.16
51.40	466.69
51.50	466.22
51.60	465.75
51.70	465.28
51.80	464.81
51.90	464.34
52.00	463.87
52.10	463.40
52.20	462.94
52.30	462.47
52.40	462.01
52.50	461.55
52.60	461.08
52.70	460.62
52.80	460.16
52.90	459.70
53.00	459.24
53.10	458.79
53.20	458.33
53.30	457.87
53.40	457.42
53.50	456.96
53.60	456.51
53.70	456.06
53.80	455.60
53.90	455.15
54.00	454.70
54.10	454.25
54.20	453.80
54.30	453.35
54.40	452.91
54.50	452.46
54.60	452.01
54.70	451.57
54.80	451.13
54.90	450.68
55.00	450.24
55.10	449.80
55.20	449.36
55.30	448.92
55.40	448.48
55.50	448.04
55.60	447.60
55.70	447.16
55.80	446.73
55.90	446.29
56.00	445.86
56.10	445.42
56.20	444.99
56.30	444.56
56.40	444.13
56.50	443.70
56.60	443.27
56.70	442.84
56.80	442.41
56.90	441.98
57.00	441.55
57.10	441.13
57.20	440.70
57.30	440.28
57.40	439.85
57.50	439.43
57.60	439.00
57.70	438.58
57.80	438.16
57.90	437.74
58.00	437.32
58.10	436.90
58.20	436.48
58.30	436.07
58.40	435.65
58.50	435.23
58.60	434.82
58.70	434.40
58.80	433.99
58.90	433.58
59.00	433.16
59.10	432.75
59.20	432.34
59.30	431.93
59.40	431.52
59.50	431.11
59.60	430.70
59.70	430.29
59.80	429.89
59.90	429.48
60.00	429.07
60.10	428.67
60.20	428.26
60.30	427.86
60.40	427.46
60.50	427.06
60.60	426.65
60.70	426.25
60.80	425.85
60.90	425.45
61.00	425.05
61.10	424.66
61.20	424.26
61.30	423.86
61.40	423.46
61.50	423.07
61.60	422.67
61.70	422.28
61.80	421.89
61.90	421.49
62.00	421.10
62.10	420.71
62.20	420.32
62.30	419.93
62.40	419.54
62.50	419.15
62.60	418.76
62.70	418.37
62.80	417.98
62.90	417.60
63.00	417.21
63.10	416.82
63.20	416.44
63.30	416.06
63.40	415.67
63.50	415.29
63.60	414.91
63.70	414.52
63.80	414.14
63.90	413.76
64.00	413.38
64.10	413.00
64.20	412.62
64.30	412.25
64.40	411.87
64.50	411.49
64.60	411.12
64.70	410.74
64.80	410.36
64.90	409.99
65.00	409.62
65.10	409.24
65.20	408.87
65.30	408.50
65.40	408.13
65.50	407.76
65.60	407.38
65.70	407.02
65.80	406.65
65.90	406.28
66.00	405.91
66.10	405.54
66.20	405.17
66.30	404.81
66.40	404.44
66.50	404.08
66.60	403.71
66.70	403.35
66.80	402.98
66.90	402.62
67.00	402.26
67.10	401.90
67.20	401.54
67.30	401.18
67.40	400.82
67.50	400.46
67.60	400.10
67.70	399.74
67.80	399.38
67.90	399.02
68.00	398.67
68.10	398.31
68.20	397.95
68.30	397.60
68.40	397.24
68.50	396.89
68.60	396.54
68.70	396.18
68.80	395.83
68.90	395.48
69.00	395.13
69.10	394.78
69.20	394.43
69.30	394.08
69.40	393.73
69.50	393.38
69.60	393.03
69.70	392.68
69.80	392.34
69.90	391.99
70.00	391.64
70.10	391.30
70.20	390.95
70.30	390.61
70.40	390.26
70.50	389.92
70.60	389.58
70.70	389.23
70.80	388.89
70.90	388.55
71.00	388.21
71.10	387.87
71.20	387.53
71.30	387.19
71.40	386.85
71.50	386.51
71.60	386.17
71.70	385.84
71.80	385.50
71.90	385.16
72.00	384.83
72.10	384.49
72.20	384.16
72.30	383.82
72.40	383.49
72.50	383.15
72.60	382.82
72.70	382.49
72.80	382.16
72.90	381.82
73.00	381.49
73.10	381.16
73.20	380.83
73.30	380.50
73.40	380.17
73.50	379.84
73.60	379.52
73.70	379.19
73.80	378.86
73.90	378.53
74.00	378.21
74.10	377.88
74.20	377.56
74.30	377.23
74.40	376.91
74.50	376.58
74.60	376.26
74.70	375.94
74.80	375.61
74.90	375.29
75.00	374.97
75.10	374.65
75.20	374.33
75.30	374.01
75.40	373.69
75.50	373.37
75.60	373.05
75.70	372.73
75.80	372.41
75.90	372.09
76.00	371.78
76.10	371.46
76.20	371.14
76.30	370.83
76.40	370.51
76.50	370.20
76.60	369.88
76.70	369.57
76.80	369.26
76.90	368.94
77.00	368.63
77.10	368.32
77.20	368.01
77.30	367.69
77.40	367.38
77.50	367.07
77.60	366.76
77.70	366.45
77.80	366.14
77.90	365.83
78.00	365.53
78.10	365.22
78.20	364.91
78.30	364.60
78.40	364.30
78.50	363.99
78.60	363.68
78.70	363.38
78.80	363.07
78.90	362.77
79.00	362.47
79.10	362.16
79.20	361.86
79.30	361.55
79.40	361.25
79.50	360.95
79.60	360.65
79.70	360.35
79.80	360.05
79.90	359.75
80.00	359.45
80.10	359.15
80.20	358.85
80.30	358.55
80.40	358.25
80.50	357.95
80.60	357.65
80.70	357.36
80.80	357.06
80.90	356.76
81.00	356.47
81.10	356.17
81.20	355.88
81.30	355.58
81.40	355.29
81.50	354.99
81.60	354.70
81.70	354.41
81.80	354.11
81.90	353.82
82.00	353.53
82.10	353.24
82.20	352.95
82.30	352.66
82.40	352.37
82.50	352.08
82.60	351.79
82.70	351.50
82.80	351.21
82.90	350.92
83.00	350.63
83.10	350.34
83.20	350.06
83.30	349.77
83.40	349.48
83.50	349.20
83.60	348.91
83.70	348.62
83.80	348.34
83.90	348.05
84.00	347.77
84.10	347.49
84.20	347.20
84.30	346.92
84.40	346.64
84.50	346.35
84.60	346.07
84.70	345.79
84.80	345.51
84.90	345.23
85.00	344.95
85.10	344.67
85.20	344.39
85.30	344.11
85.40	343.83
85.50	343.55
85.60	343.27
85.70	342.99
85.80	342.71
85.90	342.44
86.00	342.16
86.10	341.88
86.20	341.61
86.30	341.33
86.40	341.05
86.50	340.78
86.60	340.50
86.70	340.23
86.80	339.96
86.90	339.68
87.00	339.41
87.10	339.13
87.20	338.86
87.30	338.59
87.40	338.32
87.50	338.05
87.60	337.77
87.70	337.50
87.80	337.23
87.90	336.96
88.00	336.69
88.10	336.42
88.20	336.15
88.30	335.88
88.40	335.62
88.50	335.35
88.60	335.08
88.70	334.81
88.80	334.54
88.90	334.28
89.00	334.01
89.10	333.74
89.20	333.48
89.30	333.21
89.40	332.95
89.50	332.68
89.60	332.42
89.70	332.15
89.80	331.89
89.90	331.63
90.00	331.36
90.10	331.10
90.20	330.84
90.30	330.57
90.40	330.31
90.50	330.05
90.60	329.79
90.70	329.53
90.80	329.27
90.90	329.01
91.00	328.75
91.10	328.49
91.20	328.23
91.30	327.97
91.40	327.71
91.50	327.45
91.60	327.19
91.70	326.94
91.80	326.68
91.90	326.42
92.00	326.16
92.10	325.91
92.20	325.65
92.30	325.40
92.40	325.14
92.50	324.88
92.60	324.63
92.70	324.38
92.80	324.12
92.90	323.87
93.00	323.61
93.10	323.36
93.20	323.11
93.30	322.85
93.40	322.60
93.50	322.35
93.60	322.10
93.70	321.85
93.80	321.59
93.90	321.34
94.00	321.09
94.10	320.84
94.20	320.59
94.30	320.34
94.40	320.09
94.50	319.84
94.60	319.60
94.70	319.35
94.80	319.10
94.90	318.85
95.00	318.60
95.10	318.36
95.20	318.11
95.30	317.86
95.40	317.62
95.50	317.37
95.60	317.12
95.70	316.88
95.80	316.63
95.90	316.39
96.00	316.14
96.10	315.90
96.20	315.66
96.30	315.41
96.40	315.17
96.50	314.92
96.60	314.68
96.70	314.44
96.80	314.20
96.90	313.96
97.00	313.71
97.10	313.47
97.20	313.23
97.30	312.99
97.40	312.75
97.50	312.51
97.60	312.27
97.70	312.03
97.80	311.79
97.90	311.55
98.00	311.31
98.10	311.07
98.20	310.83
98.30	310.60
98.40	310.36
98.50	310.12
98.60	309.88
98.70	309.65
98.80	309.41
98.90	309.17
99.00	308.94
99.10	308.70
99.20	308.47
99.30	308.23
99.40	308.00
99.50	307.76
99.60	307.53
99.70	307.29
99.80	307.06
99.90	306.83
100.00	306.59
100.10	306.36
100.20	306.13
100.30	305.89
100.40	305.66
100.50	305.43
100.60	305.20
100.70	304.97
100.80	304.73
100.90	304.50
101.00	304.27
101.10	304.04
101.20	303.81
101.30	303.58
101.40	303.35
101.50	303.12
101.60	302.89
101.70	302.67
101.80	302.44
101.90	302.21
102.00	301.98
102.10	301.75
102.20	301.53
102.30	301.30
102.40	301.07
102.50	300.84
102.60	300.62
102.70	300.39
102.80	300.17
102.90	299.94
103.00	299.72
103.10	299.49
103.20	299.27
103.30	299.04
103.40	298.82
103.50	298.59
103.60	298.37
103.70	298.14
103.80	297.92
103.90	297.70
104.00	297.47
104.10	297.25
104.20	297.03
104.30	296.81
104.40	296.59
104.50	296.36
104.60	296.14
104.70	295.92
104.80	295.70
104.90	295.48
105.00	295.26
105.10	295.04
105.20	294.82
105.30	294.60
105.40	294.38
105.50	294.16
105.60	293.94
105.70	293.72
105.80	293.51
105.90	293.29
106.00	293.07
106.10	292.85
106.20	292.63
106.30	292.42
106.40	292.20
106.50	291.98
106.60	291.77
106.70	291.55
106.80	291.34
106.90	291.12
107.00	290.90
107.10	290.69
107.20	290.47
107.30	290.26
107.40	290.04
107.50	289.83
107.60	289.62
107.70	289.40
107.80	289.19
107.90	288.98
108.00	288.76
108.10	288.55
108.20	288.34
108.30	288.12
108.40	287.91
108.50	287.70
108.60	287.49
108.70	287.28
108.80	287.07
108.90	286.85
109.00	286.64
109.10	286.43
109.20	286.22
109.30	286.01
109.40	285.80
109.50	285.59
109.60	285.38
109.70	285.17
109.80	284.97
109.90	284.76
110.00	284.55
110.10	284.34
110.20	284.13
110.30	283.92
110.40	283.72
110.50	283.51
110.60	283.30
110.70	283.10
110.80	282.89
110.90	282.68
111.00	282.48
111.10	282.27
111.20	282.06
111.30	281.86
111.40	281.65
111.50	281.45
111.60	281.24
111.70	281.04
111.80	280.83
111.90	280.63
112.00	280.43
112.10	280.22
112.20	280.02
112.30	279.81
112.40	279.61
112.50	279.41
112.60	279.21
112.70	279.00
112.80	278.80
112.90	278.60
113.00	278.40
113.10	278.20
113.20	277.99
113.30	277.79
113.40	277.59
113.50	277.39
113.60	277.19
113.70	276.99
113.80	276.79
113.90	276.59
114.00	276.39
114.10	276.19
114.20	275.99
114.30	275.79
114.40	275.59
114.50	275.40
114.60	275.20
114.70	275.00
114.80	274.80
114.90	274.60
115.00	274.41
115.10	274.21
115.20	274.01
115.30	273.81
115.40	273.62
115.50	273.42
115.60	273.22
115.70	273.03
115.80	272.83
115.90	272.64
116.00	272.44
116.10	272.25
116.20	272.05
116.30	271.86
116.40	271.66
116.50	271.47
116.60	271.27
116.70	271.08
116.80	270.88
116.90	270.69
117.00	270.50
117.10	270.30
117.20	270.11
117.30	269.92
117.40	269.73
117.50	269.53
117.60	269.34
117.70	269.15
117.80	268.96
117.90	268.77
118.00	268.57
118.10	268.38
118.20	268.19
118.30	268.00
118.40	267.81
118.50	267.62
118.60	267.43
118.70	267.24
118.80	267.05
118.90	266.86
119.00	266.67
119.10	266.48
119.20	266.29
119.30	266.10
119.40	265.91
119.50	265.73
119.60	265.54
119.70	265.35
119.80	265.16
119.90	264.97
120.00	264.79
120.10	264.60
120.20	264.41
120.30	264.22
120.40	264.04
120.50	263.85
120.60	263.67
120.70	263.48
120.80	263.29
120.90	263.11
121.00	262.92
121.10	262.74
121.20	262.55
121.30	262.37
121.40	262.18
121.50	262.00
121.60	261.81
121.70	261.63
121.80	261.44
121.90	261.26
122.00	261.08
122.10	260.89
122.20	260.71
122.30	260.53
122.40	260.34
122.50	260.16
122.60	259.98
122.70	259.80
122.80	259.61
122.90	259.43
123.00	259.25
123.10	259.07
123.20	258.89
123.30	258.70
123.40	258.52
123.50	258.34
123.60	258.16
123.70	257.98
123.80	257.80
123.90	257.62
124.00	257.44
124.10	257.26
124.20	257.08
124.30	256.90
124.40	256.72
124.50	256.54
124.60	256.36
124.70	256.19
124.80	256.01
124.90	255.83
125.00	255.65
125.10	255.47
125.20	255.29
125.30	255.12
125.40	254.94
125.50	254.76
125.60	254.58
125.70	254.41
125.80	254.23
125.90	254.05
126.00	253.88
126.10	253.70
126.20	253.53
126.30	253.35
126.40	253.17
126.50	253.00
126.60	252.82
126.70	252.65
126.80	252.47
126.90	252.30
127.00	252.12
127.10	251.95
127.20	251.77
127.30	251.60
127.40	251.43
127.50	251.25
127.60	251.08
127.70	250.90
127.80	250.73
127.90	250.56
128.00	250.39
128.10	250.21
128.20	250.04
128.30	249.87
128.40	249.70
128.50	249.52
128.60	249.35
128.70	249.18
128.80	249.01
128.90	248.84
129.00	248.66
129.10	248.49
129.20	248.32
129.30	248.15
129.40	247.98
129.50	247.81
129.60	247.64
129.70	247.47
129.80	247.30
129.90	247.13
130.00	246.96
130.10	246.79
130.20	246.62
130.30	246.45
130.40	246.28
130.50	246.12
130.60	245.95
130.70	245.78
130.80	245.61
130.90	245.44
131.00	245.27
131.10	245.11
131.20	244.94
131.30	244.77
131.40	244.60
131.50	244.44
131.60	244.27
131.70	244.10
131.80	243.94
131.90	243.77
132.00	243.60
132.10	243.44
132.20	243.27
132.30	243.11
132.40	242.94
132.50	242.77
132.60	242.61
132.70	242.44
132.80	242.28
132.90	242.11
133.00	241.95
133.10	241.78
133.20	241.62
133.30	241.46
133.40	241.29
133.50	241.13
133.60	240.96
133.70	240.80
133.80	240.64
133.90	240.47
134.00	240.31
134.10	240.15
134.20	239.99
134.30	239.82
134.40	239.66
134.50	239.50
134.60	239.34
134.70	239.17
134.80	239.01
134.90	238.85
135.00	238.69
135.10	238.53
135.20	238.37
135.30	238.20
135.40	238.04
135.50	237.88
135.60	237.72
135.70	237.56
135.80	237.40
135.90	237.24
136.00	237.08
136.10	236.92
136.20	236.76
136.30	236.60
136.40	236.44
136.50	236.28
136.60	236.12
136.70	235.96
136.80	235.81
136.90	235.65
137.00	235.49
137.10	235.33
137.20	235.17
137.30	235.01
137.40	234.86
137.50	234.70
137.60	234.54
137.70	234.38
137.80	234.23
137.90	234.07
138.00	233.91
138.10	233.75
138.20	233.60
138.30	233.44
138.40	233.28
138.50	233.13
138.60	232.97
138.70	232.82
138.80	232.66
138.90	232.50
139.00	232.35
139.10	232.19
139.20	232.04
139.30	231.88
139.40	231.73
139.50	231.57
139.60	231.42
139.70	231.26
139.80	231.11
139.90	230.96
140.00	230.80
140.10	230.65
140.20	230.49
140.30	230.34
140.40	230.19
140.50	230.03
140.60	229.88
140.70	229.73
140.80	229.57
140.90	229.42
141.00	229.27
141.10	229.12
141.20	228.96
141.30	228.81
141.40	228.66
141.50	228.51
141.60	228.35
141.70	228.20
141.80	228.05
141.90	227.90
142.00	227.75
142.10	227.60
142.20	227.45
142.30	227.30
142.40	227.15
142.50	226.99
142.60	226.84
142.70	226.69
142.80	226.54
142.90	226.39
143.00	226.24
143.10	226.09
143.20	225.94
143.30	225.79
143.40	225.65
143.50	225.50
143.60	225.35
143.70	225.20
143.80	225.05
143.90	224.90
144.00	224.75
144.10	224.60
144.20	224.46
144.30	224.31
144.40	224.16
144.50	224.01
144.60	223.86
144.70	223.72
144.80	223.57
144.90	223.42
145.00	223.27
145.10	223.13
145.20	222.98
145.30	222.83
145.40	222.69
145.50	222.54
145.60	222.39
145.70	222.25
145.80	222.10
145.90	221.96
146.00	221.81
146.10	221.67
146.20	221.52
146.30	221.37
146.40	221.23
146.50	221.08
146.60	220.94
146.70	220.79
146.80	220.65
146.90	220.50
147.00	220.36
147.10	220.22
147.20	220.07
147.30	219.93
147.40	219.78
147.50	219.64
147.60	219.50
147.70	219.35
147.80	219.21
147.90	219.07
148.00	218.92
148.10	218.78
148.20	218.64
148.30	218.49
148.40	218.35
148.50	218.21
148.60	218.07
148.70	217.92
148.80	217.78
148.90	217.64
149.00	217.50
149.10	217.36
149.20	217.21
149.30	217.07
149.40	216.93
149.50	216.79
149.60	216.65
149.70	216.51
149.80	216.37
149.90	216.23
150.00	216.09
150.10	215.95
150.20	215.81
150.30	215.67
150.40	215.52
150.50	215.38
150.60	215.25
150.70	215.11
150.80	214.97
150.90	214.83
151.00	214.69
151.10	214.55
151.20	214.41
151.30	214.27
151.40	214.13
151.50	213.99
151.60	213.85
151.70	213.71
151.80	213.58
151.90	213.44
152.00	213.30
152.10	213.16
152.20	213.02
152.30	212.89
152.40	212.75
152.50	212.61
152.60	212.47
152.70	212.34
152.80	212.20
152.90	212.06
153.00	211.93
153.10	211.79
153.20	211.65
153.30	211.52
153.40	211.38
153.50	211.24
153.60	211.11
153.70	210.97
153.80	210.83
153.90	210.70
154.00	210.56
154.10	210.43
154.20	210.29
154.30	210.16
154.40	210.02
154.50	209.89
154.60	209.75
154.70	209.62
154.80	209.48
154.90	209.35
155.00	209.21
155.10	209.08
155.20	208.94
155.30	208.81
155.40	208.68
155.50	208.54
155.60	208.41
155.70	208.28
155.80	208.14
155.90	208.01
156.00	207.87
156.10	207.74
156.20	207.61
156.30	207.48
156.40	207.34
156.50	207.21
156.60	207.08
156.70	206.94
156.80	206.81
156.90	206.68
157.00	206.55
157.10	206.42
157.20	206.28
157.30	206.15
157.40	206.02
157.50	205.89
157.60	205.76
157.70	205.63
157.80	205.50
157.90	205.36
158.00	205.23
158.10	205.10
158.20	204.97
158.30	204.84
158.40	204.71
158.50	204.58
158.60	204.45
158.70	204.32
158.80	204.19
158.90	204.06
159.00	203.93
159.10	203.80
159.20	203.67
159.30	203.54
159.40	203.41
159.50	203.28
159.60	203.15
159.70	203.02
159.80	202.89
159.90	202.77
160.00	202.64
160.10	202.51
160.20	202.38
160.30	202.25
160.40	202.12
160.50	202.00
160.60	201.87
160.70	201.74
160.80	201.61
160.90	201.48
161.00	201.36
161.10	201.23
161.20	201.10
161.30	200.97
161.40	200.85
161.50	200.72
161.60	200.59
161.70	200.47
161.80	200.34
161.90	200.21
162.00	200.09
162.10	199.96
162.20	199.83
162.30	199.71
162.40	199.58
162.50	199.45
162.60	199.33
162.70	199.20
162.80	199.08
162.90	198.95
163.00	198.83
163.10	198.70
163.20	198.58
163.30	198.45
163.40	198.33
163.50	198.20
163.60	198.08
163.70	197.95
163.80	197.83
163.90	197.70
164.00	197.58
164.10	197.45
164.20	197.33
164.30	197.21
164.40	197.08
164.50	196.96
164.60	196.83
164.70	196.71
164.80	196.59
164.90	196.46
165.00	196.34
165.10	196.22
165.20	196.09
165.30	195.97
165.40	195.85
165.50	195.72
165.60	195.60
165.70	195.48
165.80	195.36
165.90	195.23
166.00	195.11
166.10	194.99
166.20	194.87
166.30	194.75
166.40	194.62
166.50	194.50
166.60	194.38
166.70	194.26
166.80	194.14
166.90	194.02
167.00	193.90
167.10	193.77
167.20	193.65
167.30	193.53
167.40	193.41
167.50	193.29
167.60	193.17
167.70	193.05
167.80	192.93
167.90	192.81
168.00	192.69
168.10	192.57
168.20	192.45
168.30	192.33
168.40	192.21
168.50	192.09
168.60	191.97
168.70	191.85
168.80	191.73
168.90	191.61
169.00	191.49
169.10	191.37
169.20	191.25
169.30	191.14
169.40	191.02
169.50	190.90
169.60	190.78
169.70	190.66
169.80	190.54
169.90	190.42
170.00	190.31
170.10	190.19
170.20	190.07
170.30	189.95
170.40	189.83
170.50	189.72
170.60	189.60
170.70	189.48
170.80	189.36
170.90	189.25
171.00	189.13
171.10	189.01
171.20	188.89
171.30	188.78
171.40	188.66
171.50	188.54
171.60	188.43
171.70	188.31
171.80	188.19
171.90	188.08
172.00	187.96
172.10	187.85
172.20	187.73
172.30	187.61
172.40	187.50
172.50	187.38
172.60	187.27
172.70	187.15
172.80	187.04
172.90	186.92
173.00	186.80
173.10	186.69
173.20	186.57
173.30	186.46
173.40	186.34
173.50	186.23
173.60	186.12
173.70	186.00
173.80	185.89
173.90	185.77
174.00	185.66
174.10	185.54
174.20	185.43
174.30	185.31
174.40	185.20
174.50	185.09
174.60	184.97
174.70	184.86
174.80	184.75
174.90	184.63
175.00	184.52
175.10	184.41
175.20	184.29
175.30	184.18
175.40	184.07
175.50	183.95
175.60	183.84
175.70	183.73
175.80	183.62
175.90	183.50
176.00	183.39
176.10	183.28
176.20	183.17
176.30	183.05
176.40	182.94
176.50	182.83
176.60	182.72
176.70	182.61
176.80	182.49
176.90	182.38
177.00	182.27
177.10	182.16
177.20	182.05
177.30	181.94
177.40	181.83
177.50	181.71
177.60	181.60
177.70	181.49
177.80	181.38
177.90	181.27
178.00	181.16
178.10	181.05
178.20	180.94
178.30	180.83
178.40	180.72
178.50	180.61
178.60	180.50
178.70	180.39
178.80	180.28
178.90	180.17
179.00	180.06
179.10	179.95
179.20	179.84
179.30	179.73
179.40	179.62
179.50	179.51
179.60	179.40
179.70	179.29
179.80	179.18
179.90	179.08
180.00	178.97
180.10	178.86
180.20	178.75
180.30	178.64
180.40	178.53
180.50	178.42
180.60	178.32
180.70	178.21
180.80	178.10
180.90	177.99
181.00	177.88
181.10	177.78
181.20	177.67
181.30	177.56
181.40	177.45
181.50	177.35
181.60	177.24
181.70	177.13
181.80	177.02
181.90	176.92
182.00	176.81
182.10	176.70
182.20	176.60
182.30	176.49
182.40	176.38
182.50	176.28
182.60	176.17
182.70	176.06
182.80	175.96
182.90	175.85
183.00	175.74
183.10	175.64
183.20	175.53
183.30	175.43
183.40	175.32
183.50	175.21
183.60	175.11
183.70	175.00
183.80	174.90
183.90	174.79
184.00	174.69
184.10	174.58
184.20	174.48
184.30	174.37
184.40	174.27
184.50	174.16
184.60	174.06
184.70	173.95
184.80	173.85
184.90	173.74
185.00	173.64
185.10	173.53
185.20	173.43
185.30	173.32
185.40	173.22
185.50	173.12
185.60	173.01
185.70	172.91
185.80	172.80
185.90	172.70
186.00	172.60
186.10	172.49
186.20	172.39
186.30	172.29
186.40	172.18
186.50	172.08
186.60	171.98
186.70	171.87
186.80	171.77
186.90	171.67
187.00	171.56
187.10	171.46
187.20	171.36
187.30	171.26
187.40	171.15
187.50	171.05
187.60	170.95
187.70	170.85
187.80	170.74
187.90	170.64
188.00	170.54
188.10	170.44
188.20	170.34
188.30	170.23
188.40	170.13
188.50	170.03
188.60	169.93
188.70	169.83
188.80	169.73
188.90	169.63
189.00	169.52
189.10	169.42
189.20	169.32
189.30	169.22
189.40	169.12
189.50	169.02
189.60	168.92
189.70	168.82
189.80	168.72
189.90	168.62
190.00	168.52
190.10	168.42
190.20	168.32
190.30	168.22
190.40	168.12
190.50	168.02
190.60	167.92
190.70	167.82
190.80	167.72
190.90	167.62
191.00	167.52
191.10	167.42
191.20	167.32
191.30	167.22
191.40	167.12
191.50	167.02
191.60	166.92
191.70	166.82
191.80	166.72
191.90	166.62
192.00	166.52
192.10	166.43
192.20	166.33
192.30	166.23
192.40	166.13
192.50	166.03
192.60	165.93
192.70	165.84
192.80	165.74
192.90	165.64
193.00	165.54
193.10	165.44
193.20	165.34
193.30	165.25
193.40	165.15
193.50	165.05
193.60	164.95
193.70	164.86
193.80	164.76
193.90	164.66
194.00	164.56
194.10	164.47
194.20	164.37
194.30	164.27
194.40	164.18
194.50	164.08
194.60	163.98
194.70	163.89
194.80	163.79
194.90	163.69
195.00	163.60
195.10	163.50
195.20	163.40
195.30	163.31
195.40	163.21
195.50	163.11
195.60	163.02
195.70	162.92
195.80	162.83
195.90	162.73
196.00	162.63
196.10	162.54
196.20	162.44
196.30	162.35
196.40	162.25
196.50	162.16
196.60	162.06
196.70	161.97
196.80	161.87
196.90	161.78
197.00	161.68
197.10	161.59
197.20	161.49
197.30	161.40
197.40	161.30
197.50	161.21
197.60	161.11
197.70	161.02
197.80	160.92
197.90	160.83
198.00	160.73
198.10	160.64
198.20	160.55
198.30	160.45
198.40	160.36
198.50	160.26
198.60	160.17
198.70	160.08
198.80	159.98
198.90	159.89
199.00	159.80
199.10	159.70
199.20	159.61
199.30	159.51
199.40	159.42
199.50	159.33
199.60	159.24
199.70	159.14
199.80	159.05
199.90	158.96
200.00	158.86
200.10	158.77
200.20	158.68
200.30	158.59
200.40	158.49
200.50	158.40
200.60	158.31
200.70	158.22
200.80	158.12
200.90	158.03
201.00	157.94
201.10	157.85
201.20	157.75
201.30	157.66
201.40	157.57
201.50	157.48
201.60	157.39
201.70	157.30
201.80	157.20
201.90	157.11
202.00	157.02
202.10	156.93
202.20	156.84
202.30	156.75
202.40	156.66
202.50	156.57
202.60	156.47
202.70	156.38
202.80	156.29
202.90	156.20
203.00	156.11
203.10	156.02
203.20	155.93
203.30	155.84
203.40	155.75
203.50	155.66
203.60	155.57
203.70	155.48
203.80	155.39
203.90	155.30
204.00	155.21
204.10	155.12
204.20	155.03
204.30	154.94
204.40	154.85
204.50	154.76
204.60	154.67
204.70	154.58
204.80	154.49
204.90	154.40
205.00	154.31
205.10	154.22
205.20	154.13
205.30	154.04
205.40	153.95
205.50	153.87
205.60	153.78
205.70	153.69
205.80	153.60
205.90	153.51
206.00	153.42
206.10	153.33
206.20	153.24
206.30	153.16
206.40	153.07
206.50	152.98
206.60	152.89
206.70	152.80
206.80	152.71
206.90	152.63
207.00	152.54
207.10	152.45
207.20	152.36
207.30	152.28
207.40	152.19
207.50	152.10
207.60	152.01
207.70	151.92
207.80	151.84
207.90	151.75
208.00	151.66
208.10	151.58
208.20	151.49
208.30	151.40
208.40	151.31
208.50	151.23
208.60	151.14
208.70	151.05
208.80	150.97
208.90	150.88
209.00	150.79
209.10	150.71
209.20	150.62
209.30	150.53
209.40	150.45
209.50	150.36
209.60	150.27
209.70	150.19
209.80	150.10
209.90	150.02
210.00	149.93
210.10	149.84
210.20	149.76
210.30	149.67
210.40	149.59
210.50	149.50
210.60	149.42
210.70	149.33
210.80	149.24
210.90	149.16
211.00	149.07
211.10	148.99
211.20	148.90
211.30	148.82
211.40	148.73
211.50	148.65
211.60	148.56
211.70	148.48
211.80	148.39
211.90	148.31
212.00	148.22
212.10	148.14
212.20	148.05
212.30	147.97
212.40	147.89
212.50	147.80
212.60	147.72
212.70	147.63
212.80	147.55
212.90	147.46
213.00	147.38
213.10	147.30
213.20	147.21
213.30	147.13
213.40	147.04
213.50	146.96
213.60	146.88
213.70	146.79
213.80	146.71
213.90	146.63
214.00	146.54
214.10	146.46
214.20	146.38
214.30	146.29
214.40	146.21
214.50	146.13
214.60	146.04
214.70	145.96
214.80	145.88
214.90	145.79
215.00	145.71
215.10	145.63
215.20	145.55
215.30	145.46
215.40	145.38
215.50	145.30
215.60	145.22
215.70	145.13
215.80	145.05
215.90	144.97
216.00	144.89
216.10	144.81
216.20	144.72
216.30	144.64
216.40	144.56
216.50	144.48
216.60	144.40
216.70	144.31
216.80	144.23
216.90	144.15
217.00	144.07
217.10	143.99
217.20	143.91
217.30	143.82
217.40	143.74
217.50	143.66
217.60	143.58
217.70	143.50
217.80	143.42
217.90	143.34
218.00	143.26
218.10	143.18
218.20	143.09
218.30	143.01
218.40	142.93
218.50	142.85
218.60	142.77
218.70	142.69
218.80	142.61
218.90	142.53
219.00	142.45
219.10	142.37
219.20	142.29
219.30	142.21
219.40	142.13
219.50	142.05
219.60	141.97
219.70	141.89
219.80	141.81
219.90	141.73
220.00	141.65
220.10	141.57
220.20	141.49
220.30	141.41
220.40	141.33
220.50	141.25
220.60	141.17
220.70	141.09
220.80	141.01
220.90	140.93
221.00	140.85
221.10	140.78
221.20	140.70
221.30	140.62
221.40	140.54
221.50	140.46
221.60	140.38
221.70	140.30
221.80	140.22
221.90	140.14
222.00	140.07
222.10	139.99
222.20	139.91
222.30	139.83
222.40	139.75
222.50	139.67
222.60	139.60
222.70	139.52
222.80	139.44
222.90	139.36
223.00	139.28
223.10	139.20
223.20	139.13
223.30	139.05
223.40	138.97
223.50	138.89
223.60	138.82
223.70	138.74
223.80	138.66
223.90	138.58
224.00	138.51
224.10	138.43
224.20	138.35
224.30	138.27
224.40	138.20
224.50	138.12
224.60	138.04
224.70	137.97
224.80	137.89
224.90	137.81
225.00	137.73
225.10	137.66
225.20	137.58
225.30	137.50
225.40	137.43
225.50	137.35
225.60	137.27
225.70	137.20
225.80	137.12
225.90	137.05
226.00	136.97
226.10	136.89
226.20	136.82
226.30	136.74
226.40	136.66
226.50	136.59
226.60	136.51
226.70	136.44
226.80	136.36
226.90	136.28
227.00	136.21
227.10	136.13
227.20	136.06
227.30	135.98
227.40	135.91
227.50	135.83
227.60	135.76
227.70	135.68
227.80	135.60
227.90	135.53
228.00	135.45
228.10	135.38
228.20	135.30
228.30	135.23
228.40	135.15
228.50	135.08
228.60	135.00
228.70	134.93
228.80	134.85
228.90	134.78
229.00	134.70
229.10	134.63
229.20	134.56
229.30	134.48
229.40	134.41
229.50	134.33
229.60	134.26
229.70	134.18
229.80	134.11
229.90	134.04
230.00	133.96
230.10	133.89
230.20	133.81
230.30	133.74
230.40	133.67
230.50	133.59
230.60	133.52
230.70	133.44
230.80	133.37
230.90	133.30
231.00	133.22
231.10	133.15
231.20	133.08
231.30	133.00
231.40	132.93
231.50	132.86
231.60	132.78
231.70	132.71
231.80	132.64
231.90	132.56
232.00	132.49
232.10	132.42
232.20	132.34
232.30	132.27
232.40	132.20
232.50	132.13
232.60	132.05
232.70	131.98
232.80	131.91
232.90	131.84
233.00	131.76
233.10	131.69
233.20	131.62
233.30	131.55
233.40	131.47
233.50	131.40
233.60	131.33
233.70	131.26
233.80	131.18
233.90	131.11
234.00	131.04
234.10	130.97
234.20	130.90
234.30	130.82
234.40	130.75
234.50	130.68
234.60	130.61
234.70	130.54
234.80	130.47
234.90	130.39
235.00	130.32
235.10	130.25
235.20	130.18
235.30	130.11
235.40	130.04
235.50	129.97
235.60	129.90
235.70	129.82
235.80	129.75
235.90	129.68
236.00	129.61
236.10	129.54
236.20	129.47
236.30	129.40
236.40	129.33
236.50	129.26
236.60	129.19
236.70	129.12
236.80	129.05
236.90	128.98
237.00	128.90
237.10	128.83
237.20	128.76
237.30	128.69
237.40	128.62
237.50	128.55
237.60	128.48
237.70	128.41
237.80	128.34
237.90	128.27
238.00	128.20
238.10	128.13
238.20	128.06
238.30	127.99
238.40	127.92
238.50	127.85
238.60	127.78
238.70	127.72
238.80	127.65
238.90	127.58
239.00	127.51
239.10	127.44
239.20	127.37
239.30	127.30
239.40	127.23
239.50	127.16
239.60	127.09
239.70	127.02
239.80	126.95
239.90	126.88
240.00	126.81
240.10	126.75
240.20	126.68
240.30	126.61
240.40	126.54
240.50	126.47
240.60	126.40
240.70	126.33
240.80	126.27
240.90	126.20
241.00	126.13
241.10	126.06
241.20	125.99
241.30	125.92
241.40	125.85
241.50	125.79
241.60	125.72
241.70	125.65
241.80	125.58
241.90	125.51
242.00	125.45
242.10	125.38
242.20	125.31
242.30	125.24
242.40	125.18
242.50	125.11
242.60	125.04
242.70	124.97
242.80	124.90
242.90	124.84
243.00	124.77
243.10	124.70
243.20	124.63
243.30	124.57
243.40	124.50
243.50	124.43
243.60	124.37
243.70	124.30
243.80	124.23
243.90	124.16
244.00	124.10
244.10	124.03
244.20	123.96
244.30	123.90
244.40	123.83
244.50	123.76
244.60	123.70
244.70	123.63
244.80	123.56
244.90	123.50
245.00	123.43
245.10	123.36
245.20	123.30
245.30	123.23
245.40	123.16
245.50	123.10
245.60	123.03
245.70	122.97
245.80	122.90
245.90	122.83
246.00	122.77
246.10	122.70
246.20	122.64
246.30	122.57
246.40	122.50
246.50	122.44
246.60	122.37
246.70	122.31
246.80	122.24
246.90	122.18
247.00	122.11
247.10	122.04
247.20	121.98
247.30	121.91
247.40	121.85
247.50	121.78
247.60	121.72
247.70	121.65
247.80	121.59
247.90	121.52
248.00	121.46
248.10	121.39
248.20	121.33
248.30	121.26
248.40	121.20
248.50	121.13
248.60	121.07
248.70	121.00
248.80	120.94
248.90	120.87
249.00	120.81
249.10	120.74
249.20	120.68
249.30	120.61
249.40	120.55
249.50	120.49
249.60	120.42
249.70	120.36
249.80	120.29
249.90	120.23
250.00	120.16
250.10	120.10
250.20	120.04
250.30	119.97
250.40	119.91
250.50	119.84
250.60	119.78
250.70	119.72
250.80	119.65
250.90	119.59
251.00	119.52
251.10	119.46
251.20	119.40
251.30	119.33
251.40	119.27
251.50	119.21
251.60	119.14
251.70	119.08
251.80	119.02
251.90	118.95
252.00	118.89
252.10	118.83
252.20	118.76
252.30	118.70
252.40	118.64
252.50	118.57
252.60	118.51
252.70	118.45
252.80	118.38
252.90	118.32
253.00	118.26
253.10	118.20
253.20	118.13
253.30	118.07
253.40	118.01
253.50	117.95
253.60	117.88
253.70	117.82
253.80	117.76
253.90	117.69
254.00	117.63
254.10	117.57
254.20	117.51
254.30	117.45
254.40	117.38
254.50	117.32
254.60	117.26
254.70	117.20
254.80	117.13
254.90	117.07
255.00	117.01
255.10	116.95
255.20	116.89
255.30	116.83
255.40	116.76
255.50	116.70
255.60	116.64
255.70	116.58
255.80	116.52
255.90	116.45
256.00	116.39
256.10	116.33
256.20	116.27
256.30	116.21
256.40	116.15
256.50	116.09
256.60	116.03
256.70	115.96
256.80	115.90
256.90	115.84
257.00	115.78
257.10	115.72
257.20	115.66
257.30	115.60
257.40	115.54
257.50	115.48
257.60	115.41
257.70	115.35
257.80	115.29
257.90	115.23
258.00	115.17
258.10	115.11
258.20	115.05
258.30	114.99
258.40	114.93
258.50	114.87
258.60	114.81
258.70	114.75
258.80	114.69
258.90	114.63
259.00	114.57
259.10	114.51
259.20	114.45
259.30	114.39
259.40	114.33
259.50	114.27
259.60	114.21
259.70	114.15
259.80	114.09
259.90	114.03
260.00	113.97
260.10	113.91
260.20	113.85
260.30	113.79
260.40	113.73
260.50	113.67
260.60	113.61
260.70	113.55
260.80	113.49
260.90	113.43
261.00	113.37
261.10	113.31
261.20	113.25
261.30	113.19
261.40	113.13
261.50	113.07
261.60	113.01
261.70	112.96
261.80	112.90
261.90	112.84
262.00	112.78
262.10	112.72
262.20	112.66
262.30	112.60
262.40	112.54
262.50	112.48
262.60	112.43
262.70	112.37
262.80	112.31
262.90	112.25
263.00	112.19
263.10	112.13
263.20	112.07
263.30	112.02
263.40	111.96
263.50	111.90
263.60	111.84
263.70	111.78
263.80	111.72
263.90	111.66
264.00	111.61
264.10	111.55
264.20	111.49
264.30	111.43
264.40	111.37
264.50	111.32
264.60	111.26
264.70	111.20
264.80	111.14
264.90	111.08
265.00	111.03
265.10	110.97
265.20	110.91
265.30	110.85
265.40	110.80
265.50	110.74
265.60	110.68
265.70	110.62
265.80	110.57
265.90	110.51
266.00	110.45
266.10	110.39
266.20	110.34
266.30	110.28
266.40	110.22
266.50	110.16
266.60	110.11
266.70	110.05
266.80	109.99
266.90	109.94
267.00	109.88
267.10	109.82
267.20	109.77
267.30	109.71
267.40	109.65
267.50	109.59
267.60	109.54
267.70	109.48
267.80	109.42
267.90	109.37
268.00	109.31
268.10	109.25
268.20	109.20
268.30	109.14
268.40	109.09
268.50	109.03
268.60	108.97
268.70	108.92
268.80	108.86
268.90	108.80
269.00	108.75
269.10	108.69
269.20	108.64
269.30	108.58
269.40	108.52
269.50	108.47
269.60	108.41
269.70	108.36
269.80	108.30
269.90	108.24
270.00	108.19
270.10	108.13
270.20	108.08
270.30	108.02
270.40	107.96
270.50	107.91
270.60	107.85
270.70	107.80
270.80	107.74
270.90	107.69
271.00	107.63
271.10	107.58
271.20	107.52
271.30	107.47
271.40	107.41
271.50	107.35
271.60	107.30
271.70	107.24
271.80	107.19
271.90	107.13
272.00	107.08
272.10	107.02
272.20	106.97
272.30	106.91
272.40	106.86
272.50	106.80
272.60	106.75
272.70	106.69
272.80	106.64
272.90	106.58
273.00	106.53
273.10	106.48
273.20	106.42
273.30	106.37
273.40	106.31
273.50	106.26
273.60	106.20
273.70	106.15
273.80	106.09
273.90	106.04
274.00	105.99
274.10	105.93
274.20	105.88
274.30	105.82
274.40	105.77
274.50	105.71
274.60	105.66
274.70	105.61
274.80	105.55
274.90	105.50
275.00	105.44
275.10	105.39
275.20	105.34
275.30	105.28
275.40	105.23
275.50	105.17
275.60	105.12
275.70	105.07
275.80	105.01
275.90	104.96
276.00	104.91
276.10	104.85
276.20	104.80
276.30	104.75
276.40	104.69
276.50	104.64
276.60	104.59
276.70	104.53
276.80	104.48
276.90	104.43
277.00	104.37
277.10	104.32
277.20	104.27
277.30	104.21
277.40	104.16
277.50	104.11
277.60	104.05
277.70	104.00
277.80	103.95
277.90	103.90
278.00	103.84
278.10	103.79
278.20	103.74
278.30	103.68
278.40	103.63
278.50	103.58
278.60	103.53
278.70	103.47
278.80	103.42
278.90	103.37
279.00	103.32
279.10	103.26
279.20	103.21
279.30	103.16
279.40	103.11
279.50	103.05
279.60	103.00
279.70	102.95
279.80	102.90
279.90	102.85
280.00	102.79
280.10	102.74
280.20	102.69
280.30	102.64
280.40	102.58
280.50	102.53
280.60	102.48
280.70	102.43
280.80	102.38
280.90	102.33
281.00	102.27
281.10	102.22
281.20	102.17
281.30	102.12
281.40	102.07
281.50	102.02
281.60	101.96
281.70	101.91
281.80	101.86
281.90	101.81
282.00	101.76
282.10	101.71
282.20	101.65
282.30	101.60
282.40	101.55
282.50	101.50
282.60	101.45
282.70	101.40
282.80	101.35
282.90	101.30
283.00	101.25
283.10	101.19
283.20	101.14
283.30	101.09
283.40	101.04
283.50	100.99
283.60	100.94
283.70	100.89
283.80	100.84
283.90	100.79
284.00	100.74
284.10	100.69
284.20	100.63
284.30	100.58
284.40	100.53
284.50	100.48
284.60	100.43
284.70	100.38
284.80	100.33
284.90	100.28
285.00	100.23
285.10	100.18
285.20	100.13
285.30	100.08
285.40	100.03
285.50	99.98
285.60	99.93
285.70	99.88
285.80	99.83
285.90	99.78
286.00	99.73
286.10	99.68
286.20	99.63
286.30	99.58
286.40	99.53
286.50	99.48
286.60	99.43
286.70	99.38
286.80	99.33
286.90	99.28
287.00	99.23
287.10	99.18
287.20	99.13
287.30	99.08
287.40	99.03
287.50	98.98
287.60	98.93
287.70	98.88
287.80	98.83
287.90	98.78
288.00	98.73
288.10	98.69
288.20	98.64
288.30	98.59
288.40	98.54
288.50	98.49
288.60	98.44
288.70	98.39
288.80	98.34
288.90	98.29
289.00	98.24
289.10	98.19
289.20	98.14
289.30	98.10
289.40	98.05
289.50	98.00
289.60	97.95
289.70	97.90
289.80	97.85
289.90	97.80
290.00	97.75
290.10	97.70
290.20	97.66
290.30	97.61
290.40	97.56
290.50	97.51
290.60	97.46
290.70	97.41
290.80	97.37
290.90	97.32
291.00	97.27
291.10	97.22
291.20	97.17
291.30	97.12
291.40	97.07
291.50	97.03
291.60	96.98
291.70	96.93
291.80	96.88
291.90	96.83
292.00	96.79
292.10	96.74
292.20	96.69
292.30	96.64
292.40	96.59
292.50	96.55
292.60	96.50
292.70	96.45
292.80	96.40
292.90	96.35
293.00	96.31
293.10	96.26
293.20	96.21
293.30	96.16
293.40	96.12
293.50	96.07
293.60	96.02
293.70	95.97
293.80	95.93
293.90	95.88
294.00	95.83
294.10	95.78
294.20	95.74
294.30	95.69
294.40	95.64
294.50	95.59
294.60	95.55
294.70	95.50
294.80	95.45
294.90	95.41
295.00	95.36
295.10	95.31
295.20	95.26
295.30	95.22
295.40	95.17
295.50	95.12
295.60	95.08
295.70	95.03
295.80	94.98
295.90	94.94
296.00	94.89
296.10	94.84
296.20	94.80
296.30	94.75
296.40	94.70
296.50	94.66
296.60	94.61
296.70	94.56
296.80	94.52
296.90	94.47
297.00	94.42
297.10	94.38
297.20	94.33
297.30	94.28
297.40	94.24
297.50	94.19
297.60	94.14
297.70	94.10
297.80	94.05
297.90	94.01
298.00	93.96
298.10	93.91
298.20	93.87
298.30	93.82
298.40	93.78
298.50	93.73
298.60	93.68
298.70	93.64
298.80	93.59
298.90	93.55
299.00	93.50
299.10	93.45
299.20	93.41
299.30	93.36
299.40	93.32
299.50	93.27
299.60	93.23
299.70	93.18
299.80	93.13
299.90	93.09
300.00	93.04
300.10	93.00
300.20	92.95
300.30	92.91
300.40	92.86
300.50	92.82
300.60	92.77
300.70	92.72
300.80	92.68
300.90	92.63
301.00	92.59
301.10	92.54
301.20	92.50
301.30	92.45
301.40	92.41
301.50	92.36
301.60	92.32
301.70	92.27
301.80	92.23
301.90	92.18
302.00	92.14
302.10	92.09
302.20	92.05
302.30	92.00
302.40	91.96
302.50	91.91
302.60	91.87
302.70	91.82
302.80	91.78
302.90	91.73
303.00	91.69
303.10	91.65
303.20	91.60
303.30	91.56
303.40	91.51
303.50	91.47
303.60	91.42
303.70	91.38
303.80	91.33
303.90	91.29
304.00	91.24
304.10	91.20
304.20	91.16
304.30	91.11
304.40	91.07
304.50	91.02
304.60	90.98
304.70	90.94
304.80	90.89
304.90	90.85
305.00	90.80
305.10	90.76
305.20	90.71
305.30	90.67
305.40	90.63
305.50	90.58
305.60	90.54
305.70	90.50
305.80	90.45
305.90	90.41
306.00	90.36
306.10	90.32
306.20	90.28
306.30	90.23
306.40	90.19
306.50	90.15
306.60	90.10
306.70	90.06
306.80	90.01
306.90	89.97
307.00	89.93
307.10	89.88
307.20	89.84
307.30	89.80
307.40	89.75
307.50	89.71
307.60	89.67
307.70	89.62
307.80	89.58
307.90	89.54
308.00	89.49
308.10	89.45
308.20	89.41
308.30	89.36
308.40	89.32
308.50	89.28
308.60	89.24
308.70	89.19
308.80	89.15
308.90	89.11
309.00	89.06
309.10	89.02
309.20	88.98
309.30	88.94
309.40	88.89
309.50	88.85
309.60	88.81
309.70	88.76
309.80	88.72
309.90	88.68
310.00	88.64
310.10	88.59
310.20	88.55
310.30	88.51
310.40	88.47
310.50	88.42
310.60	88.38
310.70	88.34
310.80	88.30
310.90	88.25
311.00	88.21
311.10	88.17
311.20	88.13
311.30	88.08
311.40	88.04
311.50	88.00
311.60	87.96
311.70	87.92
311.80	87.87
311.90	87.83
312.00	87.79
312.10	87.75
312.20	87.71
312.30	87.66
312.40	87.62
312.50	87.58
312.60	87.54
312.70	87.50
312.80	87.45
312.90	87.41
313.00	87.37
313.10	87.33
313.20	87.29
313.30	87.24
313.40	87.20
313.50	87.16
313.60	87.12
313.70	87.08
313.80	87.04
313.90	87.00
314.00	86.95
314.10	86.91
314.20	86.87
314.30	86.83
314.40	86.79
314.50	86.75
314.60	86.70
314.70	86.66
314.80	86.62
314.90	86.58
315.00	86.54
315.10	86.50
315.20	86.46
315.30	86.42
315.40	86.38
315.50	86.33
315.60	86.29
315.70	86.25
315.80	86.21
315.90	86.17
316.00	86.13
316.10	86.09
316.20	86.05
316.30	86.01
316.40	85.97
316.50	85.92
316.60	85.88
316.70	85.84
316.80	85.80
316.90	85.76
317.00	85.72
317.10	85.68
317.20	85.64
317.30	85.60
317.40	85.56
317.50	85.52
317.60	85.48
317.70	85.44
317.80	85.40
317.90	85.36
318.00	85.31
318.10	85.27
318.20	85.23
318.30	85.19
318.40	85.15
318.50	85.11
318.60	85.07
318.70	85.03
318.80	84.99
318.90	84.95
319.00	84.91
319.10	84.87
319.20	84.83
319.30	84.79
319.40	84.75
319.50	84.71
319.60	84.67
319.70	84.63
319.80	84.59
319.90	84.55
320.00	84.51
320.10	84.47
320.20	84.43
320.30	84.39
320.40	84.35
320.50	84.31
320.60	84.27
320.70	84.23
320.80	84.19
320.90	84.15
321.00	84.11
321.10	84.07
321.20	84.03
321.30	83.99
321.40	83.96
321.50	83.92
321.60	83.88
321.70	83.84
321.80	83.80
321.90	83.76
322.00	83.72
322.10	83.68
322.20	83.64
322.30	83.60
322.40	83.56
322.50	83.52
322.60	83.48
322.70	83.44
322.80	83.40
322.90	83.37
323.00	83.33
323.10	83.29
323.20	83.25
323.30	83.21
323.40	83.17
323.50	83.13
323.60	83.09
323.70	83.05
323.80	83.01
323.90	82.97
324.00	82.94
324.10	82.90
324.20	82.86
324.30	82.82
324.40	82.78
324.50	82.74
324.60	82.70
324.70	82.66
324.80	82.63
324.90	82.59
325.00	82.55
325.10	82.51
325.20	82.47
325.30	82.43
325.40	82.39
325.50	82.36
325.60	82.32
325.70	82.28
325.80	82.24
325.90	82.20
326.00	82.16
326.10	82.13
326.20	82.09
326.30	82.05
326.40	82.01
326.50	81.97
326.60	81.93
326.70	81.90
326.80	81.86
326.90	81.82
327.00	81.78
327.10	81.74
327.20	81.70
327.30	81.67
327.40	81.63
327.50	81.59
327.60	81.55
327.70	81.51
327.80	81.48
327.90	81.44
328.00	81.40
328.10	81.36
328.20	81.33
328.30	81.29
328.40	81.25
328.50	81.21
328.60	81.17
328.70	81.14
328.80	81.10
328.90	81.06
329.00	81.02
329.10	80.99
329.20	80.95
329.30	80.91
329.40	80.87
329.50	80.84
329.60	80.80
329.70	80.76
329.80	80.72
329.90	80.69
330.00	80.65
330.10	80.61
330.20	80.57
330.30	80.54
330.40	80.50
330.50	80.46
330.60	80.42
330.70	80.39
330.80	80.35
330.90	80.31
331.00	80.28
331.10	80.24
331.20	80.20
331.30	80.16
331.40	80.13
331.50	80.09
331.60	80.05
331.70	80.02
331.80	79.98
331.90	79.94
332.00	79.91
332.10	79.87
332.20	79.83
332.30	79.80
332.40	79.76
332.50	79.72
332.60	79.68
332.70	79.65
332.80	79.61
332.90	79.57
333.00	79.54
333.10	79.50
333.20	79.46
333.30	79.43
333.40	79.39
333.50	79.36
333.60	79.32
333.70	79.28
333.80	79.25
333.90	79.21
334.00	79.17
334.10	79.14
334.20	79.10
334.30	79.06
334.40	79.03
334.50	78.99
334.60	78.95
334.70	78.92
334.80	78.88
334.90	78.85
335.00	78.81
335.10	78.77
335.20	78.74
335.30	78.70
335.40	78.67
335.50	78.63
335.60	78.59
335.70	78.56
335.80	78.52
335.90	78.48
336.00	78.45
336.10	78.41
336.20	78.38
336.30	78.34
336.40	78.31
336.50	78.27
336.60	78.23
336.70	78.20
336.80	78.16
336.90	78.13
337.00	78.09
337.10	78.05
337.20	78.02
337.30	77.98
337.40	77.95
337.50	77.91
337.60	77.88
337.70	77.84
337.80	77.81
337.90	77.77
338.00	77.73
338.10	77.70
338.20	77.66
338.30	77.63
338.40	77.59
338.50	77.56
338.60	77.52
338.70	77.49
338.80	77.45
338.90	77.42
339.00	77.38
339.10	77.35
339.20	77.31
339.30	77.28
339.40	77.24
339.50	77.20
339.60	77.17
339.70	77.13
339.80	77.10
339.90	77.06
340.00	77.03
340.10	76.99
340.20	76.96
340.30	76.92
340.40	76.89
340.50	76.85
340.60	76.82
340.70	76.78
340.80	76.75
340.90	76.71
341.00	76.68
341.10	76.65
341.20	76.61
341.30	76.58
341.40	76.54
341.50	76.51
341.60	76.47
341.70	76.44
341.80	76.40
341.90	76.37
342.00	76.33
342.10	76.30
342.20	76.26
342.30	76.23
342.40	76.19
342.50	76.16
342.60	76.13
342.70	76.09
342.80	76.06
342.90	76.02
343.00	75.99
343.10	75.95
343.20	75.92
343.30	75.89
343.40	75.85
343.50	75.82
343.60	75.78
343.70	75.75
343.80	75.71
343.90	75.68
344.00	75.65
344.10	75.61
344.20	75.58
344.30	75.54
344.40	75.51
344.50	75.48
344.60	75.44
344.70	75.41
344.80	75.37
344.90	75.34
345.00	75.31
345.10	75.27
345.20	75.24
345.30	75.20
345.40	75.17
345.50	75.14
345.60	75.10
345.70	75.07
345.80	75.03
345.90	75.00
346.00	74.97
346.10	74.93
346.20	74.90
346.30	74.87
346.40	74.83
346.50	74.80
346.60	74.77
346.70	74.73
346.80	74.70
346.90	74.66
347.00	74.63
347.10	74.60
347.20	74.56
347.30	74.53
347.40	74.50
347.50	74.46
347.60	74.43
347.70	74.40
347.80	74.36
347.90	74.33
348.00	74.30
348.10	74.26
348.20	74.23
348.30	74.20
348.40	74.16
348.50	74.13
348.60	74.10
348.70	74.07
348.80	74.03
348.90	74.00
349.00	73.97
349.10	73.93
349.20	73.90
349.30	73.87
349.40	73.83
349.50	73.80
349.60	73.77
349.70	73.74
349.80	73.70
349.90	73.67
350.00	73.64
350.10	73.60
350.20	73.57
350.30	73.54
350.40	73.51
350.50	73.47
350.60	73.44
350.70	73.41
350.80	73.37
350.90	73.34
351.00	73.31
351.10	73.28
351.20	73.24
351.30	73.21
351.40	73.18
351.50	73.15
351.60	73.11
351.70	73.08
351.80	73.05
351.90	73.02
352.00	72.98
352.10	72.95
352.20	72.92
352.30	72.89
352.40	72.85
352.50	72.82
352.60	72.79
352.70	72.76
352.80	72.72
352.90	72.69
353.00	72.66
353.10	72.63
353.20	72.60
353.30	72.56
353.40	72.53
353.50	72.50
353.60	72.47
353.70	72.44
353.80	72.40
353.90	72.37
354.00	72.34
354.10	72.31
354.20	72.28
354.30	72.24
354.40	72.21
354.50	72.18
354.60	72.15
354.70	72.12
354.80	72.08
354.90	72.05
355.00	72.02
355.10	71.99
355.20	71.96
355.30	71.92
355.40	71.89
355.50	71.86
355.60	71.83
355.70	71.80
355.80	71.77
355.90	71.73
356.00	71.70
356.10	71.67
356.20	71.64
356.30	71.61
356.40	71.58
356.50	71.55
356.60	71.51
356.70	71.48
356.80	71.45
356.90	71.42
357.00	71.39
357.10	71.36
357.20	71.33
357.30	71.29
357.40	71.26
357.50	71.23
357.60	71.20
357.70	71.17
357.80	71.14
357.90	71.11
358.00	71.07
358.10	71.04
358.20	71.01
358.30	70.98
358.40	70.95
358.50	70.92
358.60	70.89
358.70	70.86
358.80	70.83
358.90	70.79
359.00	70.76
359.10	70.73
359.20	70.70
359.30	70.67
359.40	70.64
359.50	70.61
359.60	70.58
359.70	70.55
359.80	70.52
359.90	70.49
360.00	70.45
360.10	70.42
360.20	70.39
360.30	70.36
360.40	70.33
360.50	70.30
360.60	70.27
360.70	70.24
360.80	70.21
360.90	70.18
361.00	70.15
361.10	70.12
361.20	70.09
361.30	70.06
361.40	70.03
361.50	69.99
361.60	69.96
361.70	69.93
361.80	69.90
361.90	69.87
362.00	69.84
362.10	69.81
362.20	69.78
362.30	69.75
362.40	69.72
362.50	69.69
362.60	69.66
362.70	69.63
362.80	69.60
362.90	69.57
363.00	69.54
363.10	69.51
363.20	69.48
363.30	69.45
363.40	69.42
363.50	69.39
363.60	69.36
363.70	69.33
363.80	69.30
363.90	69.27
364.00	69.24
364.10	69.21
364.20	69.18
364.30	69.15
364.40	69.12
364.50	69.09
364.60	69.06
364.70	69.03
364.80	69.00
364.90	68.97
365.00	68.94
365.10	68.91
365.20	68.88
365.30	68.85
365.40	68.82
365.50	68.79
365.60	68.76
365.70	68.73
365.80	68.70
365.90	68.67
366.00	68.64
366.10	68.61
366.20	68.58
366.30	68.55
366.40	68.52
366.50	68.49
366.60	68.46
366.70	68.43
366.80	68.40
366.90	68.37
367.00	68.35
367.10	68.32
367.20	68.29
367.30	68.26
367.40	68.23
367.50	68.20
367.60	68.17
367.70	68.14
367.80	68.11
367.90	68.08
368.00	68.05
368.10	68.02
368.20	67.99
368.30	67.96
368.40	67.93
368.50	67.91
368.60	67.88
368.70	67.85
368.80	67.82
368.90	67.79
369.00	67.76
369.10	67.73
369.20	67.70
369.30	67.67
369.40	67.64
369.50	67.61
369.60	67.59
369.70	67.56
369.80	67.53
369.90	67.50
370.00	67.47
370.10	67.44
370.20	67.41
370.30	67.38
370.40	67.35
370.50	67.33
370.60	67.30
370.70	67.27
370.80	67.24
370.90	67.21
371.00	67.18
371.10	67.15
371.20	67.12
371.30	67.10
371.40	67.07
371.50	67.04
371.60	67.01
371.70	66.98
371.80	66.95
371.90	66.92
372.00	66.90
372.10	66.87
372.20	66.84
372.30	66.81
372.40	66.78
372.50	66.75
372.60	66.72
372.70	66.70
372.80	66.67
372.90	66.64
373.00	66.61
373.10	66.58
373.20	66.55
373.30	66.53
373.40	66.50
373.50	66.47
373.60	66.44
373.70	66.41
373.80	66.38
373.90	66.36
374.00	66.33
374.10	66.30
374.20	66.27
374.30	66.24
374.40	66.22
374.50	66.19
374.60	66.16
374.70	66.13
374.80	66.10
374.90	66.07
375.00	66.05
375.10	66.02
375.20	65.99
375.30	65.96
375.40	65.93
375.50	65.91
375.60	65.88
375.70	65.85
375.80	65.82
375.90	65.80
376.00	65.77
376.10	65.74
376.20	65.71
376.30	65.68
376.40	65.66
376.50	65.63
376.60	65.60
376.70	65.57
376.80	65.55
376.90	65.52
377.00	65.49
377.10	65.46
377.20	65.43
377.30	65.41
377.40	65.38
377.50	65.35
377.60	65.32
377.70	65.30
377.80	65.27
377.90	65.24
378.00	65.21
378.10	65.19
378.20	65.16
378.30	65.13
378.40	65.10
378.50	65.08
378.60	65.05
378.70	65.02
378.80	65.00
378.90	64.97
379.00	64.94
379.10	64.91
379.20	64.89
379.30	64.86
379.40	64.83
379.50	64.80
379.60	64.78
379.70	64.75
379.80	64.72
379.90	64.70
380.00	64.67
380.10	64.64
380.20	64.61
380.30	64.59
380.40	64.56
380.50	64.53
380.60	64.51
380.70	64.48
380.80	64.45
380.90	64.42
381.00	64.40
381.10	64.37
381.20	64.34
381.30	64.32
381.40	64.29
381.50	64.26
381.60	64.24
381.70	64.21
381.80	64.18
381.90	64.16
382.00	64.13
382.10	64.10
382.20	64.08
382.30	64.05
382.40	64.02
382.50	64.00
382.60	63.97
382.70	63.94
382.80	63.91
382.90	63.89
383.00	63.86
383.10	63.84
383.20	63.81
383.30	63.78
383.40	63.76
383.50	63.73
383.60	63.70
383.70	63.68
383.80	63.65
383.90	63.62
384.00	63.60
384.10	63.57
384.20	63.54
384.30	63.52
384.40	63.49
384.50	63.46
384.60	63.44
384.70	63.41
384.80	63.39
384.90	63.36
385.00	63.33
385.10	63.31
385.20	63.28
385.30	63.25
385.40	63.23
385.50	63.20
385.60	63.17
385.70	63.15
385.80	63.12
385.90	63.10
386.00	63.07
386.10	63.04
386.20	63.02
386.30	62.99
386.40	62.97
386.50	62.94
386.60	62.91
386.70	62.89
386.80	62.86
386.90	62.84
387.00	62.81
387.10	62.78
387.20	62.76
387.30	62.73
387.40	62.71
387.50	62.68
387.60	62.65
387.70	62.63
387.80	62.60
387.90	62.58
388.00	62.55
388.10	62.53
388.20	62.50
388.30	62.47
388.40	62.45
388.50	62.42
388.60	62.40
388.70	62.37
388.80	62.35
388.90	62.32
389.00	62.29
389.10	62.27
389.20	62.24
389.30	62.22
389.40	62.19
389.50	62.17
389.60	62.14
389.70	62.11
389.80	62.09
389.90	62.06
390.00	62.04
390.10	62.01
390.20	61.99
390.30	61.96
390.40	61.94
390.50	61.91
390.60	61.89
390.70	61.86
390.80	61.83
390.90	61.81
391.00	61.78
391.10	61.76
391.20	61.73
391.30	61.71
391.40	61.68
391.50	61.66
391.60	61.63
391.70	61.61
391.80	61.58
391.90	61.56
392.00	61.53
392.10	61.51
392.20	61.48
392.30	61.46
392.40	61.43
392.50	61.41
392.60	61.38
392.70	61.36
392.80	61.33
392.90	61.31
393.00	61.28
393.10	61.26
393.20	61.23
393.30	61.21
393.40	61.18
393.50	61.16
393.60	61.13
393.70	61.11
393.80	61.08
393.90	61.06
394.00	61.03
394.10	61.01
394.20	60.98
394.30	60.96
394.40	60.93
394.50	60.91
394.60	60.88
394.70	60.86
394.80	60.83
394.90	60.81
395.00	60.78
395.10	60.76
395.20	60.73
395.30	60.71
395.40	60.69
395.50	60.66
395.60	60.64
395.70	60.61
395.80	60.59
395.90	60.56
396.00	60.54
396.10	60.51
396.20	60.49
396.30	60.46
396.40	60.44
396.50	60.42
396.60	60.39
396.70	60.37
396.80	60.34
396.90	60.32
397.00	60.29
397.10	60.27
397.20	60.24
397.30	60.22
397.40	60.20
397.50	60.17
397.60	60.15
397.70	60.12
397.80	60.10
397.90	60.07
398.00	60.05
398.10	60.03
398.20	60.00
398.30	59.98
398.40	59.95
398.50	59.93
398.60	59.90
398.70	59.88
398.80	59.86
398.90	59.83
399.00	59.81
399.10	59.78
399.20	59.76
399.30	59.74
399.40	59.71
399.50	59.69
399.60	59.66
399.70	59.64
399.80	59.62
399.90	59.59
400.00	59.57
400.10	59.54
400.20	59.52
400.30	59.50
400.40	59.47
400.50	59.45
400.60	59.42
400.70	59.40
400.80	59.38
400.90	59.35
401.00	59.33
401.10	59.31
401.20	59.28
401.30	59.26
401.40	59.23
401.50	59.21
401.60	59.19
401.70	59.16
401.80	59.14
401.90	59.12
402.00	59.09
402.10	59.07
402.20	59.05
402.30	59.02
402.40	59.00
402.50	58.97
402.60	58.95
402.70	58.93
402.80	58.90
402.90	58.88
403.00	58.86
403.10	58.83
403.20	58.81
403.30	58.79
403.40	58.76
403.50	58.74
403.60	58.72
403.70	58.69
403.80	58.67
403.90	58.65
404.00	58.62
404.10	58.60
404.20	58.58
404.30	58.55
404.40	58.53
404.50	58.51
404.60	58.48
404.70	58.46
404.80	58.44
404.90	58.41
405.00	58.39
405.10	58.37
405.20	58.34
405.30	58.32
405.40	58.30
405.50	58.27
405.60	58.25
405.70	58.23
405.80	58.20
405.90	58.18
406.00	58.16
406.10	58.14
406.20	58.11
406.30	58.09
406.40	58.07
406.50	58.04
406.60	58.02
406.70	58.00
406.80	57.97
406.90	57.95
407.00	57.93
407.10	57.91
407.20	57.88
407.30	57.86
407.40	57.84
407.50	57.81
407.60	57.79
407.70	57.77
407.80	57.75
407.90	57.72
408.00	57.70
408.10	57.68
408.20	57.66
408.30	57.63
408.40	57.61
408.50	57.59
408.60	57.56
408.70	57.54
408.80	57.52
408.90	57.50
409.00	57.47
409.10	57.45
409.20	57.43
409.30	57.41
409.40	57.38
409.50	57.36
409.60	57.34
409.70	57.32
409.80	57.29
409.90	57.27
410.00	57.25
410.10	57.23
410.20	57.20
410.30	57.18
410.40	57.16
410.50	57.14
410.60	57.11
410.70	57.09
410.80	57.07
410.90	57.05
411.00	57.02
411.10	57.00
411.20	56.98
411.30	56.96
411.40	56.93
411.50	56.91
411.60	56.89
411.70	56.87
411.80	56.85
411.90	56.82
412.00	56.80
412.10	56.78
412.20	56.76
412.30	56.73
412.40	56.71
412.50	56.69
412.60	56.67
412.70	56.65
412.80	56.62
412.90	56.60
413.00	56.58
413.10	56.56
413.20	56.54
413.30	56.51
413.40	56.49
413.50	56.47
413.60	56.45
413.70	56.43
413.80	56.40
413.90	56.38
414.00	56.36
414.10	56.34
414.20	56.32
414.30	56.29
414.40	56.27
414.50	56.25
414.60	56.23
414.70	56.21
414.80	56.18
414.90	56.16
415.00	56.14
415.10	56.12
415.20	56.10
415.30	56.08
415.40	56.05
415.50	56.03
415.60	56.01
415.70	55.99
415.80	55.97
415.90	55.95
416.00	55.92
416.10	55.90
416.20	55.88
416.30	55.86
416.40	55.84
416.50	55.82
416.60	55.79
416.70	55.77
416.80	55.75
416.90	55.73
417.00	55.71
417.10	55.69
417.20	55.66
417.30	55.64
417.40	55.62
417.50	55.60
417.60	55.58
417.70	55.56
417.80	55.54
417.90	55.51
418.00	55.49
418.10	55.47
418.20	55.45
418.30	55.43
418.40	55.41
418.50	55.39
418.60	55.37
418.70	55.34
418.80	55.32
418.90	55.30
419.00	55.28
419.10	55.26
419.20	55.24
419.30	55.22
419.40	55.20
419.50	55.17
419.60	55.15
419.70	55.13
419.80	55.11
419.90	55.09
420.00	55.07
420.10	55.05
420.20	55.03
420.30	55.00
420.40	54.98
420.50	54.96
420.60	54.94
420.70	54.92
420.80	54.90
420.90	54.88
421.00	54.86
421.10	54.84
421.20	54.82
421.30	54.79
421.40	54.77
421.50	54.75
421.60	54.73
421.70	54.71
421.80	54.69
421.90	54.67
422.00	54.65
422.10	54.63
422.20	54.61
422.30	54.59
422.40	54.56
422.50	54.54
422.60	54.52
422.70	54.50
422.80	54.48
422.90	54.46
423.00	54.44
423.10	54.42
423.20	54.40
423.30	54.38
423.40	54.36
423.50	54.34
423.60	54.32
423.70	54.30
423.80	54.27
423.90	54.25
424.00	54.23
424.10	54.21
424.20	54.19
424.30	54.17
424.40	54.15
424.50	54.13
424.60	54.11
424.70	54.09
424.80	54.07
424.90	54.05
425.00	54.03
425.10	54.01
425.20	53.99
425.30	53.97
425.40	53.95
425.50	53.93
425.60	53.91
425.70	53.88
425.80	53.86
425.90	53.84
426.00	53.82
426.10	53.80
426.20	53.78
426.30	53.76
426.40	53.74
426.50	53.72
426.60	53.70
426.70	53.68
426.80	53.66
426.90	53.64
427.00	53.62
427.10	53.60
427.20	53.58
427.30	53.56
427.40	53.54
427.50	53.52
427.60	53.50
427.70	53.48
427.80	53.46
427.90	53.44
428.00	53.42
428.10	53.40
428.20	53.38
428.30	53.36
428.40	53.34
428.50	53.32
428.60	53.30
428.70	53.28
428.80	53.26
428.90	53.24
429.00	53.22
429.10	53.20
429.20	53.18
429.30	53.16
429.40	53.14
429.50	53.12
429.60	53.10
429.70	53.08
429.80	53.06
429.90	53.04
430.00	53.02
430.10	53.00
430.20	52.98
430.30	52.96
430.40	52.94
430.50	52.92
430.60	52.90
430.70	52.88
430.80	52.86
430.90	52.84
431.00	52.82
431.10	52.80
431.20	52.78
431.30	52.76
431.40	52.74
431.50	52.72
431.60	52.70
431.70	52.68
431.80	52.66
431.90	52.64
432.00	52.62
432.10	52.60
432.20	52.59
432.30	52.57
432.40	52.55
432.50	52.53
432.60	52.51
432.70	52.49
432.80	52.47
432.90	52.45
433.00	52.43
433.10	52.41
433.20	52.39
433.30	52.37
433.40	52.35
433.50	52.33
433.60	52.31
433.70	52.29
433.80	52.27
433.90	52.25
434.00	52.23
434.10	52.22
434.20	52.20
434.30	52.18
434.40	52.16
434.50	52.14
434.60	52.12
434.70	52.10
434.80	52.08
434.90	52.06
435.00	52.04
435.10	52.02
435.20	52.00
435.30	51.98
435.40	51.96
435.50	51.95
435.60	51.93
435.70	51.91
435.80	51.89
435.90	51.87
436.00	51.85
436.10	51.83
436.20	51.81
436.30	51.79
436.40	51.77
436.50	51.75
436.60	51.73
436.70	51.72
436.80	51.70
436.90	51.68
437.00	51.66
437.10	51.64
437.20	51.62
437.30	51.60
437.40	51.58
437.50	51.56
437.60	51.54
437.70	51.53
437.80	51.51
437.90	51.49
438.00	51.47
438.10	51.45
438.20	51.43
438.30	51.41
438.40	51.39
438.50	51.37
438.60	51.36
438.70	51.34
438.80	51.32
438.90	51.30
439.00	51.28
439.10	51.26
439.20	51.24
439.30	51.22
439.40	51.21
439.50	51.19
439.60	51.17
439.70	51.15
439.80	51.13
439.90	51.11
440.00	51.09
440.10	51.07
440.20	51.06
440.30	51.04
440.40	51.02
440.50	51.00
440.60	50.98
440.70	50.96
440.80	50.94
440.90	50.93
441.00	50.91
441.10	50.89
441.20	50.87
441.30	50.85
441.40	50.83
441.50	50.81
441.60	50.80
441.70	50.78
441.80	50.76
441.90	50.74
442.00	50.72
442.10	50.70
442.20	50.69
442.30	50.67
442.40	50.65
442.50	50.63
442.60	50.61
442.70	50.59
442.80	50.57
442.90	50.56
443.00	50.54
443.10	50.52
443.20	50.50
443.30	50.48
443.40	50.47
443.50	50.45
443.60	50.43
443.70	50.41
443.80	50.39
443.90	50.37
444.00	50.36
444.10	50.34
444.20	50.32
444.30	50.30
444.40	50.28
444.50	50.26
444.60	50.25
444.70	50.23
444.80	50.21
444.90	50.19
445.00	50.17
445.10	50.16
445.20	50.14
445.30	50.12
445.40	50.10
445.50	50.08
445.60	50.07
445.70	50.05
445.80	50.03
445.90	50.01
446.00	49.99
446.10	49.98
446.20	49.96
446.30	49.94
446.40	49.92
446.50	49.90
446.60	49.89
446.70	49.87
446.80	49.85
446.90	49.83
447.00	49.81
447.10	49.80
447.20	49.78
447.30	49.76
447.40	49.74
447.50	49.72
447.60	49.71
447.70	49.69
447.80	49.67
447.90	49.65
448.00	49.64
448.10	49.62
448.20	49.60
448.30	49.58
448.40	49.56
448.50	49.55
448.60	49.53
448.70	49.51
448.80	49.49
448.90	49.48
449.00	49.46
449.10	49.44
449.20	49.42
449.30	49.41
449.40	49.39
449.50	49.37
449.60	49.35
449.70	49.34
449.80	49.32
449.90	49.30
450.00	49.28
450.10	49.26
450.20	49.25
450.30	49.23
450.40	49.21
450.50	49.19
450.60	49.18
450.70	49.16
450.80	49.14
450.90	49.12
451.00	49.11
451.10	49.09
451.20	49.07
451.30	49.06
451.40	49.04
451.50	49.02
451.60	49.00
451.70	48.99
451.80	48.97
451.90	48.95
452.00	48.93
452.10	48.92
452.20	48.90
452.30	48.88
452.40	48.86
452.50	48.85
452.60	48.83
452.70	48.81
452.80	48.79
452.90	48.78
453.00	48.76
453.10	48.74
453.20	48.73
453.30	48.71
453.40	48.69
453.50	48.67
453.60	48.66
453.70	48.64
453.80	48.62
453.90	48.61
454.00	48.59
454.10	48.57
454.20	48.55
454.30	48.54
454.40	48.52
454.50	48.50
454.60	48.49
454.70	48.47
454.80	48.45
454.90	48.43
455.00	48.42
455.10	48.40
455.20	48.38
455.30	48.37
455.40	48.35
455.50	48.33
455.60	48.32
455.70	48.30
455.80	48.28
455.90	48.27
456.00	48.25
456.10	48.23
456.20	48.21
456.30	48.20
456.40	48.18
456.50	48.16
456.60	48.15
456.70	48.13
456.80	48.11
456.90	48.10
457.00	48.08
457.10	48.06
457.20	48.05
457.30	48.03
457.40	48.01
457.50	48.00
457.60	47.98
457.70	47.96
457.80	47.95
457.90	47.93
458.00	47.91
458.10	47.89
458.20	47.88
458.30	47.86
458.40	47.84
458.50	47.83
458.60	47.81
458.70	47.79
458.80	47.78
458.90	47.76
459.00	47.75
459.10	47.73
459.20	47.71
459.30	47.70
459.40	47.68
459.50	47.66
459.60	47.65
459.70	47.63
459.80	47.61
459.90	47.60
460.00	47.58
460.10	47.56
460.20	47.55
460.30	47.53
460.40	47.51
460.50	47.50
460.60	47.48
460.70	47.46
460.80	47.45
460.90	47.43
461.00	47.41
461.10	47.40
461.20	47.38
461.30	47.37
461.40	47.35
461.50	47.33
461.60	47.32
461.70	47.30
461.80	47.28
461.90	47.27
462.00	47.25
462.10	47.23
462.20	47.22
462.30	47.20
462.40	47.19
462.50	47.17
462.60	47.15
462.70	47.14
462.80	47.12
462.90	47.10
463.00	47.09
463.10	47.07
463.20	47.06
463.30	47.04
463.40	47.02
463.50	47.01
463.60	46.99
463.70	46.98
463.80	46.96
463.90	46.94
464.00	46.93
464.10	46.91
464.20	46.89
464.30	46.88
464.40	46.86
464.50	46.85
464.60	46.83
464.70	46.81
464.80	46.80
464.90	46.78
465.00	46.77
465.10	46.75
465.20	46.73
465.30	46.72
465.40	46.70
465.50	46.69
465.60	46.67
465.70	46.65
465.80	46.64
465.90	46.62
466.00	46.61
466.10	46.59
466.20	46.57
466.30	46.56
466.40	46.54
466.50	46.53
466.60	46.51
466.70	46.50
466.80	46.48
466.90	46.46
467.00	46.45
467.10	46.43
467.20	46.42
467.30	46.40
467.40	46.38
467.50	46.37
467.60	46.35
467.70	46.34
467.80	46.32
467.90	46.31
468.00	46.29
468.10	46.27
468.20	46.26
468.30	46.24
468.40	46.23
468.50	46.21
468.60	46.20
468.70	46.18
468.80	46.16
468.90	46.15
469.00	46.13
469.10	46.12
469.20	46.10
469.30	46.09
469.40	46.07
469.50	46.06
469.60	46.04
469.70	46.02
469.80	46.01
469.90	45.99
470.00	45.98
470.10	45.96
470.20	45.95
470.30	45.93
470.40	45.92
470.50	45.90
470.60	45.88
470.70	45.87
470.80	45.85
470.90	45.84
471.00	45.82
471.10	45.81
471.20	45.79
471.30	45.78
471.40	45.76
471.50	45.75
471.60	45.73
471.70	45.71
471.80	45.70
471.90	45.68
472.00	45.67
472.10	45.65
472.20	45.64
472.30	45.62
472.40	45.61
472.50	45.59
472.60	45.58
472.70	45.56
472.80	45.55
472.90	45.53
473.00	45.52
473.10	45.50
473.20	45.49
473.30	45.47
473.40	45.45
473.50	45.44
473.60	45.42
473.70	45.41
473.80	45.39
473.90	45.38
474.00	45.36
474.10	45.35
474.20	45.33
474.30	45.32
474.40	45.30
474.50	45.29
474.60	45.27
474.70	45.26
474.80	45.24
474.90	45.23
475.00	45.21
475.10	45.20
475.20	45.18
475.30	45.17
475.40	45.15
475.50	45.14
475.60	45.12
475.70	45.11
475.80	45.09
475.90	45.08
476.00	45.06
476.10	45.05
476.20	45.03
476.30	45.02
476.40	45.00
476.50	44.99
476.60	44.97
476.70	44.96
476.80	44.94
476.90	44.93
477.00	44.91
477.10	44.90
477.20	44.88
477.30	44.87
477.40	44.85
477.50	44.84
477.60	44.82
477.70	44.81
477.80	44.79
477.90	44.78
478.00	44.76
478.10	44.75
478.20	44.74
478.30	44.72
478.40	44.71
478.50	44.69
478.60	44.68
478.70	44.66
478.80	44.65
478.90	44.63
479.00	44.62
479.10	44.60
479.20	44.59
479.30	44.57
479.40	44.56
479.50	44.54
479.60	44.53
479.70	44.51
479.80	44.50
479.90	44.49
480.00	44.47
480.10	44.46
480.20	44.44
480.30	44.43
480.40	44.41
480.50	44.40
480.60	44.38
480.70	44.37
480.80	44.35
480.90	44.34
481.00	44.32
481.10	44.31
481.20	44.30
481.30	44.28
481.40	44.27
481.50	44.25
481.60	44.24
481.70	44.22
481.80	44.21
481.90	44.19
482.00	44.18
482.10	44.17
482.20	44.15
482.30	44.14
482.40	44.12
482.50	44.11
482.60	44.09
482.70	44.08
482.80	44.06
482.90	44.05
483.00	44.04
483.10	44.02
483.20	44.01
483.30	43.99
483.40	43.98
483.50	43.96
483.60	43.95
483.70	43.94
483.80	43.92
483.90	43.91
484.00	43.89
484.10	43.88
484.20	43.86
484.30	43.85
484.40	43.84
484.50	43.82
484.60	43.81
484.70	43.79
484.80	43.78
484.90	43.77
485.00	43.75
485.10	43.74
485.20	43.72
485.30	43.71
485.40	43.69
485.50	43.68
485.60	43.67
485.70	43.65
485.80	43.64
485.90	43.62
486.00	43.61
486.10	43.60
486.20	43.58
486.30	43.57
486.40	43.55
486.50	43.54
486.60	43.53
486.70	43.51
486.80	43.50
486.90	43.48
487.00	43.47
487.10	43.46
487.20	43.44
487.30	43.43
487.40	43.41
487.50	43.40
487.60	43.39
487.70	43.37
487.80	43.36
487.90	43.34
488.00	43.33
488.10	43.32
488.20	43.30
488.30	43.29
488.40	43.27
488.50	43.26
488.60	43.25
488.70	43.23
488.80	43.22
488.90	43.20
489.00	43.19
489.10	43.18
489.20	43.16
489.30	43.15
489.40	43.14
489.50	43.12
489.60	43.11
489.70	43.09
489.80	43.08
489.90	43.07
490.00	43.05
490.10	43.04
490.20	43.03
490.30	43.01
490.40	43.00
490.50	42.98
490.60	42.97
490.70	42.96
490.80	42.94
490.90	42.93
491.00	42.92
491.10	42.90
491.20	42.89
491.30	42.87
491.40	42.86
491.50	42.85
491.60	42.83
491.70	42.82
491.80	42.81
491.90	42.79
492.00	42.78
492.10	42.77
492.20	42.75
492.30	42.74
492.40	42.73
492.50	42.71
492.60	42.70
492.70	42.68
492.80	42.67
492.90	42.66
493.00	42.64
493.10	42.63
493.20	42.62
493.30	42.60
493.40	42.59
493.50	42.58
493.60	42.56
493.70	42.55
493.80	42.54
493.90	42.52
494.00	42.51
494.10	42.50
494.20	42.48
494.30	42.47
494.40	42.46
494.50	42.44
494.60	42.43
494.70	42.42
494.80	42.40
494.90	42.39
495.00	42.38
495.10	42.36
495.20	42.35
495.30	42.34
495.40	42.32
495.50	42.31
495.60	42.30
495.70	42.28
495.80	42.27
495.90	42.26
496.00	42.24
496.10	42.23
496.20	42.22
496.30	42.20
496.40	42.19
496.50	42.18
496.60	42.16
496.70	42.15
496.80	42.14
496.90	42.12
497.00	42.11
497.10	42.10
497.20	42.08
497.30	42.07
497.40	42.06
497.50	42.04
497.60	42.03
497.70	42.02
497.80	42.01
497.90	41.99
498.00	41.98
498.10	41.97
498.20	41.95
498.30	41.94
498.40	41.93
498.50	41.91
498.60	41.90
498.70	41.89
498.80	41.87
498.90	41.86
499.00	41.85
499.10	41.84
499.20	41.82
499.30	41.81
499.40	41.80
499.50	41.78
499.60	41.77
499.70	41.76
499.80	41.74
499.90	41.73
500.00	41.72
500.10	41.71
500.20	41.69
500.30	41.68
500.40	41.67
500.50	41.65
500.60	41.64
500.70	41.63
500.80	41.62
500.90	41.60
501.00	41.59
501.10	41.58
501.20	41.56
501.30	41.55
501.40	41.54
501.50	41.53
501.60	41.51
501.70	41.50
501.80	41.49
501.90	41.47
502.00	41.46
502.10	41.45
502.20	41.44
502.30	41.42
502.40	41.41
502.50	41.40
502.60	41.38
502.70	41.37
502.80	41.36
502.90	41.35
503.00	41.33
503.10	41.32
503.20	41.31
503.30	41.30
503.40	41.28
503.50	41.27
503.60	41.26
503.70	41.25
503.80	41.23
503.90	41.22
504.00	41.21
504.10	41.19
504.20	41.18
504.30	41.17
504.40	41.16
504.50	41.14
504.60	41.13
504.70	41.12
504.80	41.11
504.90	41.09
505.00	41.08
505.10	41.07
505.20	41.06
505.30	41.04
505.40	41.03
505.50	41.02
505.60	41.01
505.70	40.99
505.80	40.98
505.90	40.97
506.00	40.96
506.10	40.94
506.20	40.93
506.30	40.92
506.40	40.91
506.50	40.89
506.60	40.88
506.70	40.87
506.80	40.86
506.90	40.84
507.00	40.83
507.10	40.82
507.20	40.81
507.30	40.79
507.40	40.78
507.50	40.77
507.60	40.76
507.70	40.74
507.80	40.73
507.90	40.72
508.00	40.71
508.10	40.70
508.20	40.68
508.30	40.67
508.40	40.66
508.50	40.65
508.60	40.63
508.70	40.62
508.80	40.61
508.90	40.60
509.00	40.58
509.10	40.57
509.20	40.56
509.30	40.55
509.40	40.54
509.50	40.52
509.60	40.51
509.70	40.50
509.80	40.49
509.90	40.47
510.00	40.46
510.10	40.45
510.20	40.44
510.30	40.43
510.40	40.41
510.50	40.40
510.60	40.39
510.70	40.38
510.80	40.37
510.90	40.35
511.00	40.34
511.10	40.33
511.20	40.32
511.30	40.31
511.40	40.29
511.50	40.28
511.60	40.27
511.70	40.26
511.80	40.24
511.90	40.23
512.00	40.22
512.10	40.21
512.20	40.20
512.30	40.18
512.40	40.17
512.50	40.16
512.60	40.15
512.70	40.14
512.80	40.12
512.90	40.11
513.00	40.10
513.10	40.09
513.20	40.08
513.30	40.06
513.40	40.05
513.50	40.04
513.60	40.03
513.70	40.02
513.80	40.01
513.90	39.99
514.00	39.98
514.10	39.97
514.20	39.96
514.30	39.95
514.40	39.93
514.50	39.92
514.60	39.91
514.70	39.90
514.80	39.89
514.90	39.87
515.00	39.86
515.10	39.85
515.20	39.84
515.30	39.83
515.40	39.82
515.50	39.80
515.60	39.79
515.70	39.78
515.80	39.77
515.90	39.76
516.00	39.75
516.10	39.73
516.20	39.72
516.30	39.71
516.40	39.70
516.50	39.69
516.60	39.67
516.70	39.66
516.80	39.65
516.90	39.64
517.00	39.63
517.10	39.62
517.20	39.60
517.30	39.59
517.40	39.58
517.50	39.57
517.60	39.56
517.70	39.55
517.80	39.53
517.90	39.52
518.00	39.51
518.10	39.50
518.20	39.49
518.30	39.48
518.40	39.47
518.50	39.45
518.60	39.44
518.70	39.43
518.80	39.42
518.90	39.41
519.00	39.40
519.10	39.38
519.20	39.37
519.30	39.36
519.40	39.35
519.50	39.34
519.60	39.33
519.70	39.32
519.80	39.30
519.90	39.29
520.00	39.28
520.10	39.27
520.20	39.26
520.30	39.25
520.40	39.23
520.50	39.22
520.60	39.21
520.70	39.20
520.80	39.19
520.90	39.18
521.00	39.17
521.10	39.16
521.20	39.14
521.30	39.13
521.40	39.12
521.50	39.11
521.60	39.10
521.70	39.09
521.80	39.08
521.90	39.06
522.00	39.05
522.10	39.04
522.20	39.03
522.30	39.02
522.40	39.01
522.50	39.00
522.60	38.98
522.70	38.97
522.80	38.96
522.90	38.95
523.00	38.94
523.10	38.93
523.20	38.92
523.30	38.91
523.40	38.89
523.50	38.88
523.60	38.87
523.70	38.86
523.80	38.85
523.90	38.84
524.00	38.83
524.10	38.82
524.20	38.81
524.30	38.79
524.40	38.78
524.50	38.77
524.60	38.76
524.70	38.75
524.80	38.74
524.90	38.73
525.00	38.72
525.10	38.70
525.20	38.69
525.30	38.68
525.40	38.67
525.50	38.66
525.60	38.65
525.70	38.64
525.80	38.63
525.90	38.62
526.00	38.61
526.10	38.59
526.20	38.58
526.30	38.57
526.40	38.56
526.50	38.55
526.60	38.54
526.70	38.53
526.80	38.52
526.90	38.51
527.00	38.49
527.10	38.48
527.20	38.47
527.30	38.46
527.40	38.45
527.50	38.44
527.60	38.43
527.70	38.42
527.80	38.41
527.90	38.40
528.00	38.39
528.10	38.37
528.20	38.36
528.30	38.35
528.40	38.34
528.50	38.33
528.60	38.32
528.70	38.31
528.80	38.30
528.90	38.29
529.00	38.28
529.10	38.27
529.20	38.25
529.30	38.24
529.40	38.23
529.50	38.22
529.60	38.21
529.70	38.20
529.80	38.19
529.90	38.18
530.00	38.17
530.10	38.16
530.20	38.15
530.30	38.14
530.40	38.12
530.50	38.11
530.60	38.10
530.70	38.09
530.80	38.08
530.90	38.07
531.00	38.06
531.10	38.05
531.20	38.04
531.30	38.03
531.40	38.02
531.50	38.01
531.60	38.00
531.70	37.99
531.80	37.97
531.90	37.96
532.00	37.95
532.10	37.94
532.20	37.93
532.30	37.92
532.40	37.91
532.50	37.90
532.60	37.89
532.70	37.88
532.80	37.87
532.90	37.86
533.00	37.85
533.10	37.84
533.20	37.83
533.30	37.82
533.40	37.80
533.50	37.79
533.60	37.78
533.70	37.77
533.80	37.76
533.90	37.75
534.00	37.74
534.10	37.73
534.20	37.72
534.30	37.71
534.40	37.70
534.50	37.69
534.60	37.68
534.70	37.67
534.80	37.66
534.90	37.65
535.00	37.64
535.10	37.63
535.20	37.62
535.30	37.60
535.40	37.59
535.50	37.58
535.60	37.57
535.70	37.56
535.80	37.55
535.90	37.54
536.00	37.53
536.10	37.52
536.20	37.51
536.30	37.50
536.40	37.49
536.50	37.48
536.60	37.47
536.70	37.46
536.80	37.45
536.90	37.44
537.00	37.43
537.10	37.42
537.20	37.41
537.30	37.40
537.40	37.39
537.50	37.38
537.60	37.37
537.70	37.36
537.80	37.35
537.90	37.34
538.00	37.32
538.10	37.31
538.20	37.30
538.30	37.29
538.40	37.28
538.50	37.27
538.60	37.26
538.70	37.25
538.80	37.24
538.90	37.23
539.00	37.22
539.10	37.21
539.20	37.20
539.30	37.19
539.40	37.18
539.50	37.17
539.60	37.16
539.70	37.15
539.80	37.14
539.90	37.13
540.00	37.12
540.10	37.11
540.20	37.10
540.30	37.09
540.40	37.08
540.50	37.07
540.60	37.06
540.70	37.05
540.80	37.04
540.90	37.03
541.00	37.02
541.10	37.01
541.20	37.00
541.30	36.99
541.40	36.98
541.50	36.97
541.60	36.96
541.70	36.95
541.80	36.94
541.90	36.93
542.00	36.92
542.10	36.91
542.20	36.90
542.30	36.89
542.40	36.88
542.50	36.87
542.60	36.86
542.70	36.85
542.80	36.84
542.90	36.83
543.00	36.82
543.10	36.81
543.20	36.80
543.30	36.79
543.40	36.78
543.50	36.77
543.60	36.76
543.70	36.75
543.80	36.74
543.90	36.73
544.00	36.72
544.10	36.71
544.20	36.70
544.30	36.69
544.40	36.68
544.50	36.67
544.60	36.66
544.70	36.65
544.80	36.64
544.90	36.63
545.00	36.62
545.10	36.61
545.20	36.60
545.30	36.59
545.40	36.58
545.50	36.57
545.60	36.56
545.70	36.55
545.80	36.54
545.90	36.53
546.00	36.52
546.10	36.51
546.20	36.50
546.30	36.49
546.40	36.48
546.50	36.47
546.60	36.46
546.70	36.45
546.80	36.44
546.90	36.43
547.00	36.42
547.10	36.41
547.20	36.40
547.30	36.39
547.40	36.38
547.50	36.38
547.60	36.37
547.70	36.36
547.80	36.35
547.90	36.34
548.00	36.33
548.10	36.32
548.20	36.31
548.30	36.30
548.40	36.29
548.50	36.28
548.60	36.27
548.70	36.26
548.80	36.25
548.90	36.24
549.00	36.23
549.10	36.22
549.20	36.21
549.30	36.20
549.40	36.19
549.50	36.18
549.60	36.17
549.70	36.16
549.80	36.15
549.90	36.14
550.00	36.13
550.10	36.12
550.20	36.11
550.30	36.11
550.40	36.10
550.50	36.09
550.60	36.08
550.70	36.07
550.80	36.06
550.90	36.05
551.00	36.04
551.10	36.03
551.20	36.02
551.30	36.01
551.40	36.00
551.50	35.99
551.60	35.98
551.70	35.97
551.80	35.96
551.90	35.95
552.00	35.94
552.10	35.93
552.20	35.92
552.30	35.92
552.40	35.91
552.50	35.90
552.60	35.89
552.70	35.88
552.80	35.87
552.90	35.86
553.00	35.85
553.10	35.84
553.20	35.83
553.30	35.82
553.40	35.81
553.50	35.80
553.60	35.79
553.70	35.78
553.80	35.77
553.90	35.76
554.00	35.76
554.10	35.75
554.20	35.74
554.30	35.73
554.40	35.72
554.50	35.71
554.60	35.70
554.70	35.69
554.80	35.68
554.90	35.67
555.00	35.66
